GAME 1:
SOLVER HAND:
PBN: N:KJ92.Q7.AK8.T643 763.53.J975.QJ95 A54.J64.T632.AK2 QT8.AKT982.Q4.87
Deal: Main.DoubleDummyNew.Solver.dealPBN(0, 0, Int32[0, 0, 0], Int32[0, 0, 0], Int8[78, 58, 75, 74, 57, 50, 46, 81, 55, 46, 65, 75, 56, 46, 84, 54, 52, 51, 32, 55, 54, 51, 46, 53, 51, 46, 74, 57, 55, 53, 46, 81, 74, 57, 53, 32, 65, 53, 52, 46, 74, 54, 52, 46, 84, 54, 51, 50, 46, 65, 75, 50, 32, 81, 84, 56, 46, 65, 75, 84, 57, 56, 50, 46, 81, 52, 46, 56, 55, 0, 0, 0, 0, 0, 0, 0, 0, 0, 0, 0])
FutureTricks: Main.DoubleDummyNew.Solver.futureTricks(43562, 6, Int32[0, 0, 3, 3, 3, 2, 0, 0, 0, 0, 0, 0, 0], Int32[2, 9, 4, 6, 10, 14, 0, 0, 0, 0, 0, 0, 0], Int32[0, 0, 8, 0, 0, 8192, 0, 0, 0, 0, 0, 0, 0], Int32[10, 10, 10, 10, 10, 10, 0, 0, 0, 0, 0, 0, 0])
OptimalActions: [1, 8, 42, 44, 48, 39]
Available Actions: [1, 8, 10, 12, 19, 24, 33, 38, 39, 41, 42, 44, 48]

SOLVER HAND:
PBN: S:AK2.T632.J64.A54 87.Q4.AKT982.QT8 T643.K8.Q7.KJ92 QJ95.J97.53.763
Deal: Main.DoubleDummyNew.Solver.dealPBN(3, 0, Int32[1, 1, 0], Int32[14, 5, 0], Int8[83, 58, 65, 75, 50, 46, 84, 54, 51, 50, 46, 74, 54, 52, 46, 65, 53, 52, 32, 56, 55, 46, 81, 52, 46, 65, 75, 84, 57, 56, 50, 46, 81, 84, 56, 32, 84, 54, 52, 51, 46, 75, 56, 46, 81, 55, 46, 75, 74, 57, 50, 32, 81, 74, 57, 53, 46, 74, 57, 55, 46, 53, 51, 46, 55, 54, 51, 0, 0, 0, 0, 0, 0, 0, 0, 0, 0, 0, 0, 0])
FutureTricks: Main.DoubleDummyNew.Solver.futureTricks(28660, 2, Int32[1, 1, 0, 0, 0, 0, 0, 0, 0, 0, 0, 0, 0], Int32[3, 6, 0, 0, 0, 0, 0, 0, 0, 0, 0, 0, 0], Int32[4, 0, 0, 0, 0, 0, 0, 0, 0, 0, 0, 0, 0], Int32[10, 10, 0, 0, 0, 0, 0, 0, 0, 0, 0, 0, 0])
OptimalActions: [15, 18]
Available Actions: [1, 12, 13, 14, 15, 18, 22, 29, 31, 36, 42, 43, 52]

SOLVER HAND:
PBN: N:T643.K8.Q7.KJ92 QJ95.J97.53.763 AK2.T62.J64.A54 87.Q4.AKT982.QT
Deal: Main.DoubleDummyNew.Solver.dealPBN(3, 0, Int32[0, 0, 0], Int32[0, 0, 0], Int8[78, 58, 84, 54, 52, 51, 46, 75, 56, 46, 81, 55, 46, 75, 74, 57, 50, 32, 81, 74, 57, 53, 46, 74, 57, 55, 46, 53, 51, 46, 55, 54, 51, 32, 65, 75, 50, 46, 84, 54, 50, 46, 74, 54, 52, 46, 65, 53, 52, 32, 56, 55, 46, 81, 52, 46, 65, 75, 84, 57, 56, 50, 46, 81, 84, 0, 0, 0, 0, 0, 0, 0, 0, 0, 0, 0, 0, 0, 0, 0])
FutureTricks: Main.DoubleDummyNew.Solver.futureTricks(34460, 11, Int32[3, 3, 3, 3, 0, 0, 0, 1, 1, 2, 2, 0, 0], Int32[2, 9, 11, 13, 4, 6, 10, 13, 8, 7, 12, 0, 0], Int32[0, 0, 0, 0, 8, 0, 0, 0, 0, 0, 0, 0, 0], Int32[8, 8, 8, 8, 8, 8, 8, 8, 8, 8, 8, 0, 0])
OptimalActions: [40, 47, 49, 51, 3, 5, 9, 25, 20, 32, 37]
Available Actions: [2, 3, 5, 9, 20, 25, 32, 37, 40, 47, 49, 51]

SOLVER HAND:
PBN: S:AK2.T62.J64.A54 87.Q4.AKT982.QT T643.K8.Q.KJ92 QJ95.J97.53.73
Deal: Main.DoubleDummyNew.Solver.dealPBN(3, 0, Int32[2, 3, 0], Int32[7, 6, 0], Int8[83, 58, 65, 75, 50, 46, 84, 54, 50, 46, 74, 54, 52, 46, 65, 53, 52, 32, 56, 55, 46, 81, 52, 46, 65, 75, 84, 57, 56, 50, 46, 81, 84, 32, 84, 54, 52, 51, 46, 75, 56, 46, 81, 46, 75, 74, 57, 50, 32, 81, 74, 57, 53, 46, 74, 57, 55, 46, 53, 51, 46, 55, 51, 0, 0, 0, 0, 0, 0, 0, 0, 0, 0, 0, 0, 0, 0, 0, 0, 0])
FutureTricks: Main.DoubleDummyNew.Solver.futureTricks(4271, 3, Int32[2, 2, 2, 0, 0, 0, 0, 0, 0, 0, 0, 0, 0], Int32[4, 6, 11, 0, 0, 0, 0, 0, 0, 0, 0, 0, 0], Int32[0, 0, 0, 0, 0, 0, 0, 0, 0, 0, 0, 0, 0], Int32[8, 8, 8, 0, 0, 0, 0, 0, 0, 0, 0, 0, 0])
OptimalActions: [29, 31, 36]
Available Actions: [1, 12, 13, 14, 18, 22, 29, 31, 36, 42, 43, 52]

SOLVER HAND:
PBN: N:T643.K8.Q.KJ92 QJ95.J97.53.73 AK2.T62.J6.A54 87.Q4.AKT92.QT
Deal: Main.DoubleDummyNew.Solver.dealPBN(3, 0, Int32[0, 0, 0], Int32[0, 0, 0], Int8[78, 58, 84, 54, 52, 51, 46, 75, 56, 46, 81, 46, 75, 74, 57, 50, 32, 81, 74, 57, 53, 46, 74, 57, 55, 46, 53, 51, 46, 55, 51, 32, 65, 75, 50, 46, 84, 54, 50, 46, 74, 54, 46, 65, 53, 52, 32, 56, 55, 46, 81, 52, 46, 65, 75, 84, 57, 50, 46, 81, 84, 0, 0, 0, 0, 0, 0, 0, 0, 0, 0, 0, 0, 0, 0, 0, 0, 0, 0, 0])
FutureTricks: Main.DoubleDummyNew.Solver.futureTricks(6319, 10, Int32[3, 3, 3, 3, 0, 0, 0, 1, 1, 2, 0, 0, 0], Int32[2, 9, 11, 13, 4, 6, 10, 13, 8, 12, 0, 0, 0], Int32[0, 0, 0, 0, 8, 0, 0, 0, 0, 0, 0, 0, 0], Int32[8, 8, 8, 8, 8, 8, 8, 8, 8, 8, 0, 0, 0])
OptimalActions: [40, 47, 49, 51, 3, 5, 9, 25, 20, 37]
Available Actions: [2, 3, 5, 9, 20, 25, 37, 40, 47, 49, 51]

SOLVER HAND:
PBN: S:AK2.T62.J6.A54 87.Q4.AKT92.QT T643.K8.Q.J92 QJ95.J97.5.73
Deal: Main.DoubleDummyNew.Solver.dealPBN(3, 0, Int32[3, 2, 0], Int32[13, 3, 0], Int8[83, 58, 65, 75, 50, 46, 84, 54, 50, 46, 74, 54, 46, 65, 53, 52, 32, 56, 55, 46, 81, 52, 46, 65, 75, 84, 57, 50, 46, 81, 84, 32, 84, 54, 52, 51, 46, 75, 56, 46, 81, 46, 74, 57, 50, 32, 81, 74, 57, 53, 46, 74, 57, 55, 46, 53, 46, 55, 51, 0, 0, 0, 0, 0, 0, 0, 0, 0, 0, 0, 0, 0, 0, 0, 0, 0, 0, 0, 0, 0])
FutureTricks: Main.DoubleDummyNew.Solver.futureTricks(3238, 1, Int32[3, 0, 0, 0, 0, 0, 0, 0, 0, 0, 0, 0, 0], Int32[5, 0, 0, 0, 0, 0, 0, 0, 0, 0, 0, 0, 0], Int32[16, 0, 0, 0, 0, 0, 0, 0, 0, 0, 0, 0, 0], Int32[8, 0, 0, 0, 0, 0, 0, 0, 0, 0, 0, 0, 0])
OptimalActions: [43]
Available Actions: [1, 12, 13, 14, 18, 22, 31, 36, 42, 43, 52]

SOLVER HAND:
PBN: N:J92.Q.K8.T643 73.5.J97.QJ95 A4.J6.T62.AK2 QT.AKT2.Q4.87
Deal: Main.DoubleDummyNew.Solver.dealPBN(0, 0, Int32[0, 0, 0], Int32[0, 0, 0], Int8[78, 58, 74, 57, 50, 46, 81, 46, 75, 56, 46, 84, 54, 52, 51, 32, 55, 51, 46, 53, 46, 74, 57, 55, 46, 81, 74, 57, 53, 32, 65, 52, 46, 74, 54, 46, 84, 54, 50, 46, 65, 75, 50, 32, 81, 84, 46, 65, 75, 84, 50, 46, 81, 52, 46, 56, 55, 0, 0, 0, 0, 0, 0, 0, 0, 0, 0, 0, 0, 0, 0, 0, 0, 0, 0, 0, 0, 0, 0, 0])
FutureTricks: Main.DoubleDummyNew.Solver.futureTricks(7583, 6, Int32[3, 3, 3, 2, 1, 2, 0, 0, 0, 0, 0, 0, 0], Int32[4, 6, 10, 13, 12, 8, 0, 0, 0, 0, 0, 0, 0], Int32[8, 0, 0, 0, 0, 0, 0, 0, 0, 0, 0, 0, 0], Int32[6, 6, 6, 6, 6, 6, 0, 0, 0, 0, 0, 0, 0])
OptimalActions: [42, 44, 48, 38, 24, 33]
Available Actions: [1, 8, 10, 24, 33, 38, 41, 42, 44, 48]

SOLVER HAND:
PBN: S:AK2.T62.J6.A4 87.Q4.AKT2.QT T63.K8.Q.J92 QJ95.97.5.73
Deal: Main.DoubleDummyNew.Solver.dealPBN(3, 0, Int32[0, 1, 0], Int32[4, 11, 0], Int8[83, 58, 65, 75, 50, 46, 84, 54, 50, 46, 74, 54, 46, 65, 52, 32, 56, 55, 46, 81, 52, 46, 65, 75, 84, 50, 46, 81, 84, 32, 84, 54, 51, 46, 75, 56, 46, 81, 46, 74, 57, 50, 32, 81, 74, 57, 53, 46, 57, 55, 46, 53, 46, 55, 51, 0, 0, 0, 0, 0, 0, 0, 0, 0, 0, 0, 0, 0, 0, 0, 0, 0, 0, 0, 0, 0, 0, 0, 0, 0])
FutureTricks: Main.DoubleDummyNew.Solver.futureTricks(2977, 2, Int32[0, 0, 0, 0, 0, 0, 0, 0, 0, 0, 0, 0, 0], Int32[14, 2, 0, 0, 0, 0, 0, 0, 0, 0, 0, 0, 0], Int32[8192, 0, 0, 0, 0, 0, 0, 0, 0, 0, 0, 0, 0], Int32[6, 6, 0, 0, 0, 0, 0, 0, 0, 0, 0, 0, 0])
OptimalActions: [13, 1]
Available Actions: [1, 12, 13, 14, 18, 22, 31, 36, 42, 52]

SOLVER HAND:
PBN: N:J92.Q.K8.T63 73.5.97.QJ95 A4.J6.T62.K2 Q.AKT2.Q4.87
Deal: Main.DoubleDummyNew.Solver.dealPBN(0, 0, Int32[0, 0, 0], Int32[0, 0, 0], Int8[78, 58, 74, 57, 50, 46, 81, 46, 75, 56, 46, 84, 54, 51, 32, 55, 51, 46, 53, 46, 57, 55, 46, 81, 74, 57, 53, 32, 65, 52, 46, 74, 54, 46, 84, 54, 50, 46, 75, 50, 32, 81, 46, 65, 75, 84, 50, 46, 81, 52, 46, 56, 55, 0, 0, 0, 0, 0, 0, 0, 0, 0, 0, 0, 0, 0, 0, 0, 0, 0, 0, 0, 0, 0, 0, 0, 0, 0, 0, 0])
FutureTricks: Main.DoubleDummyNew.Solver.futureTricks(3981, 8, Int32[0, 0, 2, 3, 3, 3, 1, 2, 0, 0, 0, 0, 0], Int32[2, 11, 13, 3, 6, 10, 12, 8, 0, 0, 0, 0, 0], Int32[0, 512, 0, 0, 0, 0, 0, 0, 0, 0, 0, 0, 0], Int32[6, 6, 6, 6, 6, 6, 6, 6, 0, 0, 0, 0, 0])
OptimalActions: [1, 10, 38, 41, 44, 48, 24, 33]
Available Actions: [1, 8, 10, 24, 33, 38, 41, 44, 48]

SOLVER HAND:
PBN: S:A4.J6.T62.K2 Q.AKT2.Q4.87 J92.Q.K8.T6 3.5.97.QJ95
Deal: Main.DoubleDummyNew.Solver.dealPBN(0, 0, Int32[3, 0, 0], Int32[3, 7, 0], Int8[83, 58, 65, 52, 46, 74, 54, 46, 84, 54, 50, 46, 75, 50, 32, 81, 46, 65, 75, 84, 50, 46, 81, 52, 46, 56, 55, 32, 74, 57, 50, 46, 81, 46, 75, 56, 46, 84, 54, 32, 51, 46, 53, 46, 57, 55, 46, 81, 74, 57, 53, 0, 0, 0, 0, 0, 0, 0, 0, 0, 0, 0, 0, 0, 0, 0, 0, 0, 0, 0, 0, 0, 0, 0, 0, 0, 0, 0, 0, 0])
FutureTricks: Main.DoubleDummyNew.Solver.futureTricks(354, 1, Int32[3, 0, 0, 0, 0, 0, 0, 0, 0, 0, 0, 0, 0], Int32[2, 0, 0, 0, 0, 0, 0, 0, 0, 0, 0, 0, 0], Int32[0, 0, 0, 0, 0, 0, 0, 0, 0, 0, 0, 0, 0], Int32[6, 0, 0, 0, 0, 0, 0, 0, 0, 0, 0, 0, 0])
OptimalActions: [40]
Available Actions: [3, 13, 18, 23, 27, 31, 35, 40, 51]

SOLVER HAND:
PBN: N:J92.Q.K8.T6 3.5.97.QJ95 A4.J6.T62.K Q.AKT2.Q.87
Deal: Main.DoubleDummyNew.Solver.dealPBN(0, 0, Int32[0, 0, 0], Int32[0, 0, 0], Int8[78, 58, 74, 57, 50, 46, 81, 46, 75, 56, 46, 84, 54, 32, 51, 46, 53, 46, 57, 55, 46, 81, 74, 57, 53, 32, 65, 52, 46, 74, 54, 46, 84, 54, 50, 46, 75, 32, 81, 46, 65, 75, 84, 50, 46, 81, 46, 56, 55, 0, 0, 0, 0, 0, 0, 0, 0, 0, 0, 0, 0, 0, 0, 0, 0, 0, 0, 0, 0, 0, 0, 0, 0, 0, 0, 0, 0, 0, 0, 0])
FutureTricks: Main.DoubleDummyNew.Solver.futureTricks(42, 5, Int32[0, 0, 2, 3, 3, 0, 0, 0, 0, 0, 0, 0, 0], Int32[2, 11, 13, 6, 10, 0, 0, 0, 0, 0, 0, 0, 0], Int32[0, 512, 0, 0, 0, 0, 0, 0, 0, 0, 0, 0, 0], Int32[8, 8, 8, 8, 8, 0, 0, 0, 0, 0, 0, 0, 0])
OptimalActions: [1, 10, 38, 44, 48]
Available Actions: [1, 8, 10, 24, 33, 38, 44, 48]

SOLVER HAND:
PBN: S:K.T62.J6.A4 87.Q.AKT2.Q T6.8.Q.J92 QJ95.7.5.3
Deal: Main.DoubleDummyNew.Solver.dealPBN(3, 0, Int32[1, 1, 0], Int32[13, 9, 0], Int8[83, 58, 75, 46, 84, 54, 50, 46, 74, 54, 46, 65, 52, 32, 56, 55, 46, 81, 46, 65, 75, 84, 50, 46, 81, 32, 84, 54, 46, 56, 46, 81, 46, 74, 57, 50, 32, 81, 74, 57, 53, 46, 55, 46, 53, 46, 51, 0, 0, 0, 0, 0, 0, 0, 0, 0, 0, 0, 0, 0, 0, 0, 0, 0, 0, 0, 0, 0, 0, 0, 0, 0, 0, 0, 0, 0, 0, 0, 0, 0])
FutureTricks: Main.DoubleDummyNew.Solver.futureTricks(26, 2, Int32[1, 1, 0, 0, 0, 0, 0, 0, 0, 0, 0, 0, 0], Int32[6, 10, 0, 0, 0, 0, 0, 0, 0, 0, 0, 0, 0], Int32[4, 0, 0, 0, 0, 0, 0, 0, 0, 0, 0, 0, 0], Int32[8, 8, 0, 0, 0, 0, 0, 0, 0, 0, 0, 0, 0])
OptimalActions: [18, 22]
Available Actions: [12, 14, 18, 22, 31, 36, 42, 52]

SOLVER HAND:
PBN: N:T6.8.Q.J92 QJ95.7.5.3 K.T2.J6.A4 87.Q.AKT2.
Deal: Main.DoubleDummyNew.Solver.dealPBN(3, 0, Int32[0, 0, 0], Int32[0, 0, 0], Int8[78, 58, 84, 54, 46, 56, 46, 81, 46, 74, 57, 50, 32, 81, 74, 57, 53, 46, 55, 46, 53, 46, 51, 32, 75, 46, 84, 50, 46, 74, 54, 46, 65, 52, 32, 56, 55, 46, 81, 46, 65, 75, 84, 50, 46, 0, 0, 0, 0, 0, 0, 0, 0, 0, 0, 0, 0, 0, 0, 0, 0, 0, 0, 0, 0, 0, 0, 0, 0, 0, 0, 0, 0, 0, 0, 0, 0, 0, 0, 0])
FutureTricks: Main.DoubleDummyNew.Solver.futureTricks(226, 6, Int32[1, 0, 0, 3, 3, 2, 0, 0, 0, 0, 0, 0, 0], Int32[8, 6, 10, 2, 11, 12, 0, 0, 0, 0, 0, 0, 0], Int32[0, 0, 0, 0, 512, 0, 0, 0, 0, 0, 0, 0, 0], Int32[5, 5, 5, 5, 5, 5, 0, 0, 0, 0, 0, 0, 0])
OptimalActions: [20, 5, 9, 40, 49, 37]
Available Actions: [5, 9, 20, 37, 40, 47, 49]

SOLVER HAND:
PBN: S:K.T2.J6.A4 87.Q.AKT2. T6.8..J92 QJ5.7.5.3
Deal: Main.DoubleDummyNew.Solver.dealPBN(3, 0, Int32[2, 0, 0], Int32[12, 9, 0], Int8[83, 58, 75, 46, 84, 50, 46, 74, 54, 46, 65, 52, 32, 56, 55, 46, 81, 46, 65, 75, 84, 50, 46, 32, 84, 54, 46, 56, 46, 46, 74, 57, 50, 32, 81, 74, 53, 46, 55, 46, 53, 46, 51, 0, 0, 0, 0, 0, 0, 0, 0, 0, 0, 0, 0, 0, 0, 0, 0, 0, 0, 0, 0, 0, 0, 0, 0, 0, 0, 0, 0, 0, 0, 0, 0, 0, 0, 0, 0, 0])
FutureTricks: Main.DoubleDummyNew.Solver.futureTricks(22, 2, Int32[2, 2, 0, 0, 0, 0, 0, 0, 0, 0, 0, 0, 0], Int32[6, 11, 0, 0, 0, 0, 0, 0, 0, 0, 0, 0, 0], Int32[0, 0, 0, 0, 0, 0, 0, 0, 0, 0, 0, 0, 0], Int32[5, 5, 0, 0, 0, 0, 0, 0, 0, 0, 0, 0, 0])
OptimalActions: [31, 36]
Available Actions: [12, 14, 22, 31, 36, 42, 52]

SOLVER HAND:
PBN: N:T6.8..J92 QJ5.7.5.3 K.T2.J.A4 87.Q.AT2.
Deal: Main.DoubleDummyNew.Solver.dealPBN(3, 0, Int32[0, 0, 0], Int32[0, 0, 0], Int8[78, 58, 84, 54, 46, 56, 46, 46, 74, 57, 50, 32, 81, 74, 53, 46, 55, 46, 53, 46, 51, 32, 75, 46, 84, 50, 46, 74, 46, 65, 52, 32, 56, 55, 46, 81, 46, 65, 84, 50, 46, 0, 0, 0, 0, 0, 0, 0, 0, 0, 0, 0, 0, 0, 0, 0, 0, 0, 0, 0, 0, 0, 0, 0, 0, 0, 0, 0, 0, 0, 0, 0, 0, 0, 0, 0, 0, 0, 0, 0])
FutureTricks: Main.DoubleDummyNew.Solver.futureTricks(135, 5, Int32[1, 0, 0, 3, 3, 0, 0, 0, 0, 0, 0, 0, 0], Int32[8, 6, 10, 2, 11, 0, 0, 0, 0, 0, 0, 0, 0], Int32[0, 0, 0, 0, 512, 0, 0, 0, 0, 0, 0, 0, 0], Int32[5, 5, 5, 5, 5, 0, 0, 0, 0, 0, 0, 0, 0])
OptimalActions: [20, 5, 9, 40, 49]
Available Actions: [5, 9, 20, 40, 47, 49]

SOLVER HAND:
PBN: S:K.T2.J.A4 87.Q.AT2. T.8..J92 Q5.7.5.3
Deal: Main.DoubleDummyNew.Solver.dealPBN(3, 0, Int32[0, 0, 0], Int32[6, 11, 0], Int8[83, 58, 75, 46, 84, 50, 46, 74, 46, 65, 52, 32, 56, 55, 46, 81, 46, 65, 84, 50, 46, 32, 84, 46, 56, 46, 46, 74, 57, 50, 32, 81, 53, 46, 55, 46, 53, 46, 51, 0, 0, 0, 0, 0, 0, 0, 0, 0, 0, 0, 0, 0, 0, 0, 0, 0, 0, 0, 0, 0, 0, 0, 0, 0, 0, 0, 0, 0, 0, 0, 0, 0, 0, 0, 0, 0, 0, 0, 0, 0])
FutureTricks: Main.DoubleDummyNew.Solver.futureTricks(0, 1, Int32[0, 0, 0, 0, 0, 0, 0, 0, 0, 0, 0, 0, 0], Int32[13, 0, 0, 0, 0, 0, 0, 0, 0, 0, 0, 0, 0], Int32[0, 0, 0, 0, 0, 0, 0, 0, 0, 0, 0, 0, 0], Int32[-2, 0, 0, 0, 0, 0, 0, 0, 0, 0, 0, 0, 0])
OptimalActions: [12]
Available Actions: [12, 14, 22, 36, 42, 52]

SOLVER HAND:
PBN: N:T.8..J92 Q5.7.5.3 .T2.J.A4 8.Q.AT2.
Deal: Main.DoubleDummyNew.Solver.dealPBN(3, 0, Int32[0, 0, 0], Int32[0, 0, 0], Int8[78, 58, 84, 46, 56, 46, 46, 74, 57, 50, 32, 81, 53, 46, 55, 46, 53, 46, 51, 32, 46, 84, 50, 46, 74, 46, 65, 52, 32, 56, 46, 81, 46, 65, 84, 50, 46, 0, 0, 0, 0, 0, 0, 0, 0, 0, 0, 0, 0, 0, 0, 0, 0, 0, 0, 0, 0, 0, 0, 0, 0, 0, 0, 0, 0, 0, 0, 0, 0, 0, 0, 0, 0, 0, 0, 0, 0, 0, 0, 0])
FutureTricks: Main.DoubleDummyNew.Solver.futureTricks(94, 4, Int32[0, 1, 3, 3, 0, 0, 0, 0, 0, 0, 0, 0, 0], Int32[10, 8, 2, 11, 0, 0, 0, 0, 0, 0, 0, 0, 0], Int32[0, 0, 0, 512, 0, 0, 0, 0, 0, 0, 0, 0, 0], Int32[4, 4, 4, 4, 0, 0, 0, 0, 0, 0, 0, 0, 0])
OptimalActions: [9, 20, 40, 49]
Available Actions: [9, 20, 40, 47, 49]

SOLVER HAND:
PBN: S:.T2.J.A4 8.Q.AT2. T.8..92 Q.7.5.3
Deal: Main.DoubleDummyNew.Solver.dealPBN(3, 0, Int32[3, 0, 0], Int32[11, 5, 0], Int8[83, 58, 46, 84, 50, 46, 74, 46, 65, 52, 32, 56, 46, 81, 46, 65, 84, 50, 46, 32, 84, 46, 56, 46, 46, 57, 50, 32, 81, 46, 55, 46, 53, 46, 51, 0, 0, 0, 0, 0, 0, 0, 0, 0, 0, 0, 0, 0, 0, 0, 0, 0, 0, 0, 0, 0, 0, 0, 0, 0, 0, 0, 0, 0, 0, 0, 0, 0, 0, 0, 0, 0, 0, 0, 0, 0, 0, 0, 0, 0])
FutureTricks: Main.DoubleDummyNew.Solver.futureTricks(45, 2, Int32[3, 3, 0, 0, 0, 0, 0, 0, 0, 0, 0, 0, 0], Int32[4, 14, 0, 0, 0, 0, 0, 0, 0, 0, 0, 0, 0], Int32[0, 0, 0, 0, 0, 0, 0, 0, 0, 0, 0, 0, 0], Int32[4, 4, 0, 0, 0, 0, 0, 0, 0, 0, 0, 0, 0])
OptimalActions: [42, 52]
Available Actions: [14, 22, 36, 42, 52]

SOLVER HAND:
PBN: N:T.8..92 Q.7.5.3 .T2.J.A 8.Q.A2.
Deal: Main.DoubleDummyNew.Solver.dealPBN(3, 0, Int32[0, 0, 0], Int32[0, 0, 0], Int8[78, 58, 84, 46, 56, 46, 46, 57, 50, 32, 81, 46, 55, 46, 53, 46, 51, 32, 46, 84, 50, 46, 74, 46, 65, 32, 56, 46, 81, 46, 65, 50, 46, 0, 0, 0, 0, 0, 0, 0, 0, 0, 0, 0, 0, 0, 0, 0, 0, 0, 0, 0, 0, 0, 0, 0, 0, 0, 0, 0, 0, 0, 0, 0, 0, 0, 0, 0, 0, 0, 0, 0, 0, 0, 0, 0, 0, 0, 0, 0])
FutureTricks: Main.DoubleDummyNew.Solver.futureTricks(30, 2, Int32[0, 1, 0, 0, 0, 0, 0, 0, 0, 0, 0, 0, 0], Int32[10, 8, 0, 0, 0, 0, 0, 0, 0, 0, 0, 0, 0], Int32[0, 0, 0, 0, 0, 0, 0, 0, 0, 0, 0, 0, 0], Int32[3, 3, 0, 0, 0, 0, 0, 0, 0, 0, 0, 0, 0])
OptimalActions: [9, 20]
Available Actions: [9, 20, 40, 47]

SOLVER HAND:
PBN: S:.T2.J.A 8.Q.A2. T...92 Q..5.3
Deal: Main.DoubleDummyNew.Solver.dealPBN(3, 0, Int32[1, 1, 0], Int32[8, 7, 0], Int8[83, 58, 46, 84, 50, 46, 74, 46, 65, 32, 56, 46, 81, 46, 65, 50, 46, 32, 84, 46, 46, 46, 57, 50, 32, 81, 46, 46, 53, 46, 51, 0, 0, 0, 0, 0, 0, 0, 0, 0, 0, 0, 0, 0, 0, 0, 0, 0, 0, 0, 0, 0, 0, 0, 0, 0, 0, 0, 0, 0, 0, 0, 0, 0, 0, 0, 0, 0, 0, 0, 0, 0, 0, 0, 0, 0, 0, 0, 0, 0])
FutureTricks: Main.DoubleDummyNew.Solver.futureTricks(6, 2, Int32[1, 1, 0, 0, 0, 0, 0, 0, 0, 0, 0, 0, 0], Int32[2, 10, 0, 0, 0, 0, 0, 0, 0, 0, 0, 0, 0], Int32[0, 0, 0, 0, 0, 0, 0, 0, 0, 0, 0, 0, 0], Int32[3, 3, 0, 0, 0, 0, 0, 0, 0, 0, 0, 0, 0])
OptimalActions: [14, 22]
Available Actions: [14, 22, 36, 52]

SOLVER HAND:
PBN: N:T...92 Q..5.3 .T.J.A 8..A2.
Deal: Main.DoubleDummyNew.Solver.dealPBN(3, 0, Int32[0, 0, 0], Int32[0, 0, 0], Int8[78, 58, 84, 46, 46, 46, 57, 50, 32, 81, 46, 46, 53, 46, 51, 32, 46, 84, 46, 74, 46, 65, 32, 56, 46, 46, 65, 50, 46, 0, 0, 0, 0, 0, 0, 0, 0, 0, 0, 0, 0, 0, 0, 0, 0, 0, 0, 0, 0, 0, 0, 0, 0, 0, 0, 0, 0, 0, 0, 0, 0, 0, 0, 0, 0, 0, 0, 0, 0, 0, 0, 0, 0, 0, 0, 0, 0, 0, 0, 0])
FutureTricks: Main.DoubleDummyNew.Solver.futureTricks(29, 3, Int32[0, 3, 3, 0, 0, 0, 0, 0, 0, 0, 0, 0, 0], Int32[10, 2, 9, 0, 0, 0, 0, 0, 0, 0, 0, 0, 0], Int32[0, 0, 0, 0, 0, 0, 0, 0, 0, 0, 0, 0, 0], Int32[3, 3, 3, 0, 0, 0, 0, 0, 0, 0, 0, 0, 0])
OptimalActions: [9, 40, 47]
Available Actions: [9, 40, 47]

SOLVER HAND:
PBN: S:.T.J.A 8..A2. ...92 ..5.3
Deal: Main.DoubleDummyNew.Solver.dealPBN(3, 0, Int32[0, 0, 0], Int32[10, 12, 0], Int8[83, 58, 46, 84, 46, 74, 46, 65, 32, 56, 46, 46, 65, 50, 46, 32, 46, 46, 46, 57, 50, 32, 46, 46, 53, 46, 51, 0, 0, 0, 0, 0, 0, 0, 0, 0, 0, 0, 0, 0, 0, 0, 0, 0, 0, 0, 0, 0, 0, 0, 0, 0, 0, 0, 0, 0, 0, 0, 0, 0, 0, 0, 0, 0, 0, 0, 0, 0, 0, 0, 0, 0, 0, 0, 0, 0, 0, 0, 0, 0])
FutureTricks: Main.DoubleDummyNew.Solver.futureTricks(15, 1, Int32[3, 0, 0, 0, 0, 0, 0, 0, 0, 0, 0, 0, 0], Int32[14, 0, 0, 0, 0, 0, 0, 0, 0, 0, 0, 0, 0], Int32[0, 0, 0, 0, 0, 0, 0, 0, 0, 0, 0, 0, 0], Int32[3, 0, 0, 0, 0, 0, 0, 0, 0, 0, 0, 0, 0])
OptimalActions: [52]
Available Actions: [22, 36, 52]

SOLVER HAND:
PBN: N:...92 ..5.3 .T.J. 8..2.
Deal: Main.DoubleDummyNew.Solver.dealPBN(3, 0, Int32[0, 0, 0], Int32[0, 0, 0], Int8[78, 58, 46, 46, 46, 57, 50, 32, 46, 46, 53, 46, 51, 32, 46, 84, 46, 74, 46, 32, 56, 46, 46, 50, 46, 0, 0, 0, 0, 0, 0, 0, 0, 0, 0, 0, 0, 0, 0, 0, 0, 0, 0, 0, 0, 0, 0, 0, 0, 0, 0, 0, 0, 0, 0, 0, 0, 0, 0, 0, 0, 0, 0, 0, 0, 0, 0, 0, 0, 0, 0, 0, 0, 0, 0, 0, 0, 0, 0, 0])
FutureTricks: Main.DoubleDummyNew.Solver.futureTricks(12, 1, Int32[3, 0, 0, 0, 0, 0, 0, 0, 0, 0, 0, 0, 0], Int32[9, 0, 0, 0, 0, 0, 0, 0, 0, 0, 0, 0, 0], Int32[0, 0, 0, 0, 0, 0, 0, 0, 0, 0, 0, 0, 0], Int32[2, 0, 0, 0, 0, 0, 0, 0, 0, 0, 0, 0, 0])
OptimalActions: [47]
Available Actions: [40, 47]

SOLVER HAND:
PBN: S:.J.T. .2..8 2... 3...
Deal: Main.DoubleDummyNew.Solver.dealPBN(0, 0, Int32[0, 1, 0], Int32[9, 5, 0], Int8[83, 58, 46, 74, 46, 84, 46, 32, 46, 50, 46, 46, 56, 32, 50, 46, 46, 46, 32, 51, 46, 46, 46, 0, 0, 0, 0, 0, 0, 0, 0, 0, 0, 0, 0, 0, 0, 0, 0, 0, 0, 0, 0, 0, 0, 0, 0, 0, 0, 0, 0, 0, 0, 0, 0, 0, 0, 0, 0, 0, 0, 0, 0, 0, 0, 0, 0, 0, 0, 0, 0, 0, 0, 0, 0, 0, 0, 0, 0, 0])
FutureTricks: Main.DoubleDummyNew.Solver.futureTricks(16, 2, Int32[2, 1, 0, 0, 0, 0, 0, 0, 0, 0, 0, 0, 0], Int32[10, 11, 0, 0, 0, 0, 0, 0, 0, 0, 0, 0, 0], Int32[0, 0, 0, 0, 0, 0, 0, 0, 0, 0, 0, 0, 0], Int32[1, 1, 0, 0, 0, 0, 0, 0, 0, 0, 0, 0, 0])
OptimalActions: [35, 23]
Available Actions: [23, 35]

SOLVER HAND:
PBN: N:2... 3... ..T. .2..
Deal: Main.DoubleDummyNew.Solver.dealPBN(0, 0, Int32[0, 0, 0], Int32[0, 0, 0], Int8[78, 58, 50, 46, 46, 46, 32, 51, 46, 46, 46, 32, 46, 46, 84, 46, 32, 46, 50, 46, 46, 0, 0, 0, 0, 0, 0, 0, 0, 0, 0, 0, 0, 0, 0, 0, 0, 0, 0, 0, 0, 0, 0, 0, 0, 0, 0, 0, 0, 0, 0, 0, 0, 0, 0, 0, 0, 0, 0, 0, 0, 0, 0, 0, 0, 0, 0, 0, 0, 0, 0, 0, 0, 0, 0, 0, 0, 0, 0, 0])
FutureTricks: Main.DoubleDummyNew.Solver.futureTricks(0, 1, Int32[0, 0, 0, 0, 0, 0, 0, 0, 0, 0, 0, 0, 0], Int32[2, 0, 0, 0, 0, 0, 0, 0, 0, 0, 0, 0, 0], Int32[0, 0, 0, 0, 0, 0, 0, 0, 0, 0, 0, 0, 0], Int32[0, 0, 0, 0, 0, 0, 0, 0, 0, 0, 0, 0, 0])
OptimalActions: [1]
Available Actions: [1]

SOLVER HAND:
PBN: S:..T. .2.. ... ...
Deal: Main.DoubleDummyNew.Solver.dealPBN(0, 0, Int32[0, 0, 0], Int32[2, 3, 0], Int8[83, 58, 46, 46, 84, 46, 32, 46, 50, 46, 46, 32, 46, 46, 46, 32, 46, 46, 46, 0, 0, 0, 0, 0, 0, 0, 0, 0, 0, 0, 0, 0, 0, 0, 0, 0, 0, 0, 0, 0, 0, 0, 0, 0, 0, 0, 0, 0, 0, 0, 0, 0, 0, 0, 0, 0, 0, 0, 0, 0, 0, 0, 0, 0, 0, 0, 0, 0, 0, 0, 0, 0, 0, 0, 0, 0, 0, 0, 0, 0])
FutureTricks: Main.DoubleDummyNew.Solver.futureTricks(0, 1, Int32[2, 0, 0, 0, 0, 0, 0, 0, 0, 0, 0, 0, 0], Int32[10, 0, 0, 0, 0, 0, 0, 0, 0, 0, 0, 0, 0], Int32[0, 0, 0, 0, 0, 0, 0, 0, 0, 0, 0, 0, 0], Int32[0, 0, 0, 0, 0, 0, 0, 0, 0, 0, 0, 0, 0])
OptimalActions: [35]
Available Actions: [35]



GAME 2:
SOLVER HAND:
PBN: E:763.53.J975.QJ95 A54.J64.T632.AK2 QT8.AKT982.Q4.87 KJ92.Q7.K8.T643
Deal: Main.DoubleDummyNew.Solver.dealPBN(0, 0, Int32[2, 0, 0], Int32[14, 0, 0], Int8[69, 58, 55, 54, 51, 46, 53, 51, 46, 74, 57, 55, 53, 46, 81, 74, 57, 53, 32, 65, 53, 52, 46, 74, 54, 52, 46, 84, 54, 51, 50, 46, 65, 75, 50, 32, 81, 84, 56, 46, 65, 75, 84, 57, 56, 50, 46, 81, 52, 46, 56, 55, 32, 75, 74, 57, 50, 46, 81, 55, 46, 75, 56, 46, 84, 54, 52, 51, 0, 0, 0, 0, 0, 0, 0, 0, 0, 0, 0, 0])
FutureTricks: Main.DoubleDummyNew.Solver.futureTricks(18521, 4, Int32[2, 2, 2, 2, 0, 0, 0, 0, 0, 0, 0, 0, 0], Int32[5, 7, 9, 11, 0, 0, 0, 0, 0, 0, 0, 0, 0], Int32[0, 0, 0, 0, 0, 0, 0, 0, 0, 0, 0, 0, 0], Int32[3, 3, 3, 3, 0, 0, 0, 0, 0, 0, 0, 0, 0])
OptimalActions: [30, 32, 34, 36]
Available Actions: [2, 5, 6, 15, 17, 30, 32, 34, 36, 43, 47, 49, 50]

SOLVER HAND:
PBN: W:QT8.AKT982.Q4.87 KJ92.Q7.K8.T643 763.53.J75.QJ95 54.J64.T632.AK2
Deal: Main.DoubleDummyNew.Solver.dealPBN(0, 0, Int32[2, 2, 0], Int32[14, 9, 14], Int8[87, 58, 81, 84, 56, 46, 65, 75, 84, 57, 56, 50, 46, 81, 52, 46, 56, 55, 32, 75, 74, 57, 50, 46, 81, 55, 46, 75, 56, 46, 84, 54, 52, 51, 32, 55, 54, 51, 46, 53, 51, 46, 74, 55, 53, 46, 81, 74, 57, 53, 32, 53, 52, 46, 74, 54, 52, 46, 84, 54, 51, 50, 46, 65, 75, 50, 0, 0, 0, 0, 0, 0, 0, 0, 0, 0, 0, 0, 0, 0])
FutureTricks: Main.DoubleDummyNew.Solver.futureTricks(10657, 2, Int32[2, 2, 0, 0, 0, 0, 0, 0, 0, 0, 0, 0, 0], Int32[4, 12, 0, 0, 0, 0, 0, 0, 0, 0, 0, 0, 0], Int32[0, 0, 0, 0, 0, 0, 0, 0, 0, 0, 0, 0, 0], Int32[3, 3, 0, 0, 0, 0, 0, 0, 0, 0, 0, 0, 0])
OptimalActions: [29, 37]
Available Actions: [7, 9, 11, 14, 20, 21, 22, 25, 26, 29, 37, 45, 46]

SOLVER HAND:
PBN: E:763.53.J75.QJ95 54.J64.T632.AK2 QT8.AKT982.Q.87 KJ2.Q7.K8.T643
Deal: Main.DoubleDummyNew.Solver.dealPBN(0, 0, Int32[0, 0, 0], Int32[9, 0, 0], Int8[69, 58, 55, 54, 51, 46, 53, 51, 46, 74, 55, 53, 46, 81, 74, 57, 53, 32, 53, 52, 46, 74, 54, 52, 46, 84, 54, 51, 50, 46, 65, 75, 50, 32, 81, 84, 56, 46, 65, 75, 84, 57, 56, 50, 46, 81, 46, 56, 55, 32, 75, 74, 50, 46, 81, 55, 46, 75, 56, 46, 84, 54, 52, 51, 0, 0, 0, 0, 0, 0, 0, 0, 0, 0, 0, 0, 0, 0, 0, 0])
FutureTricks: Main.DoubleDummyNew.Solver.futureTricks(2072, 2, Int32[0, 0, 0, 0, 0, 0, 0, 0, 0, 0, 0, 0, 0], Int32[3, 7, 0, 0, 0, 0, 0, 0, 0, 0, 0, 0, 0], Int32[0, 64, 0, 0, 0, 0, 0, 0, 0, 0, 0, 0, 0], Int32[5, 5, 0, 0, 0, 0, 0, 0, 0, 0, 0, 0, 0])
OptimalActions: [2, 6]
Available Actions: [2, 5, 6, 15, 17, 30, 32, 36, 43, 47, 49, 50]

SOLVER HAND:
PBN: W:QT8.AKT982.Q.87 KJ2.Q7.K8.T643 76.53.J75.QJ95 54.J64.T63.AK2
Deal: Main.DoubleDummyNew.Solver.dealPBN(0, 0, Int32[0, 0, 2], Int32[9, 3, 2], Int8[87, 58, 81, 84, 56, 46, 65, 75, 84, 57, 56, 50, 46, 81, 46, 56, 55, 32, 75, 74, 50, 46, 81, 55, 46, 75, 56, 46, 84, 54, 52, 51, 32, 55, 54, 46, 53, 51, 46, 74, 55, 53, 46, 81, 74, 57, 53, 32, 53, 52, 46, 74, 54, 52, 46, 84, 54, 51, 46, 65, 75, 50, 0, 0, 0, 0, 0, 0, 0, 0, 0, 0, 0, 0, 0, 0, 0, 0, 0, 0])
FutureTricks: Main.DoubleDummyNew.Solver.futureTricks(2467, 2, Int32[0, 0, 0, 0, 0, 0, 0, 0, 0, 0, 0, 0, 0], Int32[10, 12, 0, 0, 0, 0, 0, 0, 0, 0, 0, 0, 0], Int32[0, 0, 0, 0, 0, 0, 0, 0, 0, 0, 0, 0, 0], Int32[5, 5, 0, 0, 0, 0, 0, 0, 0, 0, 0, 0, 0])
OptimalActions: [9, 11]
Available Actions: [7, 9, 11, 14, 20, 21, 22, 25, 26, 37, 45, 46]

SOLVER HAND:
PBN: E:76.53.J75.QJ95 54.J64.T63.AK2 T8.AKT982.Q.87 K2.Q7.K8.T643
Deal: Main.DoubleDummyNew.Solver.dealPBN(0, 0, Int32[0, 0, 0], Int32[11, 0, 0], Int8[69, 58, 55, 54, 46, 53, 51, 46, 74, 55, 53, 46, 81, 74, 57, 53, 32, 53, 52, 46, 74, 54, 52, 46, 84, 54, 51, 46, 65, 75, 50, 32, 84, 56, 46, 65, 75, 84, 57, 56, 50, 46, 81, 46, 56, 55, 32, 75, 50, 46, 81, 55, 46, 75, 56, 46, 84, 54, 52, 51, 0, 0, 0, 0, 0, 0, 0, 0, 0, 0, 0, 0, 0, 0, 0, 0, 0, 0, 0, 0])
FutureTricks: Main.DoubleDummyNew.Solver.futureTricks(0, 1, Int32[0, 0, 0, 0, 0, 0, 0, 0, 0, 0, 0, 0, 0], Int32[7, 0, 0, 0, 0, 0, 0, 0, 0, 0, 0, 0, 0], Int32[64, 0, 0, 0, 0, 0, 0, 0, 0, 0, 0, 0, 0], Int32[-2, 0, 0, 0, 0, 0, 0, 0, 0, 0, 0, 0, 0])
OptimalActions: [6]
Available Actions: [5, 6, 15, 17, 30, 32, 36, 43, 47, 49, 50]

SOLVER HAND:
PBN: W:T8.AKT982.Q.87 K2.Q7.K8.T643 6.53.J75.QJ95 54.J64.T63.A2
Deal: Main.DoubleDummyNew.Solver.dealPBN(0, 0, Int32[0, 0, 3], Int32[11, 7, 13], Int8[87, 58, 84, 56, 46, 65, 75, 84, 57, 56, 50, 46, 81, 46, 56, 55, 32, 75, 50, 46, 81, 55, 46, 75, 56, 46, 84, 54, 52, 51, 32, 54, 46, 53, 51, 46, 74, 55, 53, 46, 81, 74, 57, 53, 32, 53, 52, 46, 74, 54, 52, 46, 84, 54, 51, 46, 65, 50, 0, 0, 0, 0, 0, 0, 0, 0, 0, 0, 0, 0, 0, 0, 0, 0, 0, 0, 0, 0, 0, 0])
FutureTricks: Main.DoubleDummyNew.Solver.futureTricks(0, 1, Int32[0, 0, 0, 0, 0, 0, 0, 0, 0, 0, 0, 0, 0], Int32[10, 0, 0, 0, 0, 0, 0, 0, 0, 0, 0, 0, 0], Int32[256, 0, 0, 0, 0, 0, 0, 0, 0, 0, 0, 0, 0], Int32[-2, 0, 0, 0, 0, 0, 0, 0, 0, 0, 0, 0, 0])
OptimalActions: [9]
Available Actions: [7, 9, 14, 20, 21, 22, 25, 26, 37, 45, 46]

SOLVER HAND:
PBN: E:6.53.J75.QJ95 54.J64.T63.A2 8.AKT982.Q.87 K.Q7.K8.T643
Deal: Main.DoubleDummyNew.Solver.dealPBN(0, 0, Int32[0, 0, 0], Int32[2, 0, 0], Int8[69, 58, 54, 46, 53, 51, 46, 74, 55, 53, 46, 81, 74, 57, 53, 32, 53, 52, 46, 74, 54, 52, 46, 84, 54, 51, 46, 65, 50, 32, 56, 46, 65, 75, 84, 57, 56, 50, 46, 81, 46, 56, 55, 32, 75, 46, 81, 55, 46, 75, 56, 46, 84, 54, 52, 51, 0, 0, 0, 0, 0, 0, 0, 0, 0, 0, 0, 0, 0, 0, 0, 0, 0, 0, 0, 0, 0, 0, 0, 0])
FutureTricks: Main.DoubleDummyNew.Solver.futureTricks(0, 1, Int32[0, 0, 0, 0, 0, 0, 0, 0, 0, 0, 0, 0, 0], Int32[6, 0, 0, 0, 0, 0, 0, 0, 0, 0, 0, 0, 0], Int32[0, 0, 0, 0, 0, 0, 0, 0, 0, 0, 0, 0, 0], Int32[-2, 0, 0, 0, 0, 0, 0, 0, 0, 0, 0, 0, 0])
OptimalActions: [5]
Available Actions: [5, 15, 17, 30, 32, 36, 43, 47, 49, 50]

SOLVER HAND:
PBN: W:8.AKT982.Q.87 K.Q7.K8.T643 .53.J75.QJ95 54.64.T63.A2
Deal: Main.DoubleDummyNew.Solver.dealPBN(0, 0, Int32[0, 0, 1], Int32[2, 6, 11], Int8[87, 58, 56, 46, 65, 75, 84, 57, 56, 50, 46, 81, 46, 56, 55, 32, 75, 46, 81, 55, 46, 75, 56, 46, 84, 54, 52, 51, 32, 46, 53, 51, 46, 74, 55, 53, 46, 81, 74, 57, 53, 32, 53, 52, 46, 54, 52, 46, 84, 54, 51, 46, 65, 50, 0, 0, 0, 0, 0, 0, 0, 0, 0, 0, 0, 0, 0, 0, 0, 0, 0, 0, 0, 0, 0, 0, 0, 0, 0, 0])
FutureTricks: Main.DoubleDummyNew.Solver.futureTricks(0, 1, Int32[0, 0, 0, 0, 0, 0, 0, 0, 0, 0, 0, 0, 0], Int32[8, 0, 0, 0, 0, 0, 0, 0, 0, 0, 0, 0, 0], Int32[0, 0, 0, 0, 0, 0, 0, 0, 0, 0, 0, 0, 0], Int32[-2, 0, 0, 0, 0, 0, 0, 0, 0, 0, 0, 0, 0])
OptimalActions: [7]
Available Actions: [7, 14, 20, 21, 22, 25, 26, 37, 45, 46]

SOLVER HAND:
PBN: E:.53.J75.QJ95 54.64.T63.A2 .AKT982.Q.87 K.Q7.8.T643
Deal: Main.DoubleDummyNew.Solver.dealPBN(0, 0, Int32[2, 0, 0], Int32[13, 0, 0], Int8[69, 58, 46, 53, 51, 46, 74, 55, 53, 46, 81, 74, 57, 53, 32, 53, 52, 46, 54, 52, 46, 84, 54, 51, 46, 65, 50, 32, 46, 65, 75, 84, 57, 56, 50, 46, 81, 46, 56, 55, 32, 75, 46, 81, 55, 46, 56, 46, 84, 54, 52, 51, 0, 0, 0, 0, 0, 0, 0, 0, 0, 0, 0, 0, 0, 0, 0, 0, 0, 0, 0, 0, 0, 0, 0, 0, 0, 0, 0, 0])
FutureTricks: Main.DoubleDummyNew.Solver.futureTricks(302, 2, Int32[2, 2, 0, 0, 0, 0, 0, 0, 0, 0, 0, 0, 0], Int32[5, 7, 0, 0, 0, 0, 0, 0, 0, 0, 0, 0, 0], Int32[0, 0, 0, 0, 0, 0, 0, 0, 0, 0, 0, 0, 0], Int32[4, 4, 0, 0, 0, 0, 0, 0, 0, 0, 0, 0, 0])
OptimalActions: [30, 32]
Available Actions: [15, 17, 30, 32, 36, 43, 47, 49, 50]

SOLVER HAND:
PBN: W:.AKT982.Q.87 K.Q7.8.T643 .53.J5.QJ95 54.64.T6.A2
Deal: Main.DoubleDummyNew.Solver.dealPBN(0, 0, Int32[2, 2, 2], Int32[13, 7, 3], Int8[87, 58, 46, 65, 75, 84, 57, 56, 50, 46, 81, 46, 56, 55, 32, 75, 46, 81, 55, 46, 56, 46, 84, 54, 52, 51, 32, 46, 53, 51, 46, 74, 53, 46, 81, 74, 57, 53, 32, 53, 52, 46, 54, 52, 46, 84, 54, 46, 65, 50, 0, 0, 0, 0, 0, 0, 0, 0, 0, 0, 0, 0, 0, 0, 0, 0, 0, 0, 0, 0, 0, 0, 0, 0, 0, 0, 0, 0, 0, 0])
FutureTricks: Main.DoubleDummyNew.Solver.futureTricks(0, 1, Int32[2, 0, 0, 0, 0, 0, 0, 0, 0, 0, 0, 0, 0], Int32[12, 0, 0, 0, 0, 0, 0, 0, 0, 0, 0, 0, 0], Int32[0, 0, 0, 0, 0, 0, 0, 0, 0, 0, 0, 0, 0], Int32[-2, 0, 0, 0, 0, 0, 0, 0, 0, 0, 0, 0, 0])
OptimalActions: [37]
Available Actions: [14, 20, 21, 22, 25, 26, 37, 45, 46]

SOLVER HAND:
PBN: E:.53.J5.QJ95 54.64.T6.A2 .AKT982..87 K.Q7..T643
Deal: Main.DoubleDummyNew.Solver.dealPBN(0, 0, Int32[2, 0, 0], Int32[8, 0, 0], Int8[69, 58, 46, 53, 51, 46, 74, 53, 46, 81, 74, 57, 53, 32, 53, 52, 46, 54, 52, 46, 84, 54, 46, 65, 50, 32, 46, 65, 75, 84, 57, 56, 50, 46, 46, 56, 55, 32, 75, 46, 81, 55, 46, 46, 84, 54, 52, 51, 0, 0, 0, 0, 0, 0, 0, 0, 0, 0, 0, 0, 0, 0, 0, 0, 0, 0, 0, 0, 0, 0, 0, 0, 0, 0, 0, 0, 0, 0, 0, 0])
FutureTricks: Main.DoubleDummyNew.Solver.futureTricks(81, 1, Int32[2, 0, 0, 0, 0, 0, 0, 0, 0, 0, 0, 0, 0], Int32[11, 0, 0, 0, 0, 0, 0, 0, 0, 0, 0, 0, 0], Int32[0, 0, 0, 0, 0, 0, 0, 0, 0, 0, 0, 0, 0], Int32[4, 0, 0, 0, 0, 0, 0, 0, 0, 0, 0, 0, 0])
OptimalActions: [36]
Available Actions: [15, 17, 30, 36, 43, 47, 49, 50]

SOLVER HAND:
PBN: W:.AKT982..87 K.Q7..T643 .53.5.QJ95 5.64.T6.A2
Deal: Main.DoubleDummyNew.Solver.dealPBN(0, 0, Int32[2, 2, 0], Int32[8, 11, 4], Int8[87, 58, 46, 65, 75, 84, 57, 56, 50, 46, 46, 56, 55, 32, 75, 46, 81, 55, 46, 46, 84, 54, 52, 51, 32, 46, 53, 51, 46, 53, 46, 81, 74, 57, 53, 32, 53, 46, 54, 52, 46, 84, 54, 46, 65, 50, 0, 0, 0, 0, 0, 0, 0, 0, 0, 0, 0, 0, 0, 0, 0, 0, 0, 0, 0, 0, 0, 0, 0, 0, 0, 0, 0, 0, 0, 0, 0, 0, 0, 0])
FutureTricks: Main.DoubleDummyNew.Solver.futureTricks(1004, 4, Int32[1, 1, 1, 3, 0, 0, 0, 0, 0, 0, 0, 0, 0], Int32[2, 10, 14, 8, 0, 0, 0, 0, 0, 0, 0, 0, 0], Int32[0, 768, 8192, 128, 0, 0, 0, 0, 0, 0, 0, 0, 0], Int32[2, 2, 2, 2, 0, 0, 0, 0, 0, 0, 0, 0, 0])
OptimalActions: [14, 22, 26, 46]
Available Actions: [14, 20, 21, 22, 25, 26, 45, 46]

SOLVER HAND:
PBN: E:QJ95.5.53. A2.T6.64.5 7..AKT982. T643..Q7.
Deal: Main.DoubleDummyNew.Solver.dealPBN(3, 0, Int32[3, 0, 0], Int32[13, 0, 0], Int8[69, 58, 81, 74, 57, 53, 46, 53, 46, 53, 51, 46, 32, 65, 50, 46, 84, 54, 46, 54, 52, 46, 53, 32, 55, 46, 46, 65, 75, 84, 57, 56, 50, 46, 32, 84, 54, 52, 51, 46, 46, 81, 55, 46, 0, 0, 0, 0, 0, 0, 0, 0, 0, 0, 0, 0, 0, 0, 0, 0, 0, 0, 0, 0, 0, 0, 0, 0, 0, 0, 0, 0, 0, 0, 0, 0, 0, 0, 0, 0])
FutureTricks: Main.DoubleDummyNew.Solver.futureTricks(218, 6, Int32[0, 2, 0, 2, 1, 0, 0, 0, 0, 0, 0, 0, 0], Int32[5, 3, 9, 5, 5, 12, 0, 0, 0, 0, 0, 0, 0], Int32[0, 0, 0, 0, 0, 2048, 0, 0, 0, 0, 0, 0, 0], Int32[3, 3, 3, 3, 3, 3, 0, 0, 0, 0, 0, 0, 0])
OptimalActions: [4, 28, 8, 30, 17, 11]
Available Actions: [4, 8, 10, 11, 17, 28, 30]

SOLVER HAND:
PBN: W:7..AKT982. T643..Q7. QJ95..53. A.T6.64.5
Deal: Main.DoubleDummyNew.Solver.dealPBN(3, 0, Int32[3, 1, 0], Int32[13, 5, 2], Int8[87, 58, 55, 46, 46, 65, 75, 84, 57, 56, 50, 46, 32, 84, 54, 52, 51, 46, 46, 81, 55, 46, 32, 81, 74, 57, 53, 46, 46, 53, 51, 46, 32, 65, 46, 84, 54, 46, 54, 52, 46, 53, 0, 0, 0, 0, 0, 0, 0, 0, 0, 0, 0, 0, 0, 0, 0, 0, 0, 0, 0, 0, 0, 0, 0, 0, 0, 0, 0, 0, 0, 0, 0, 0, 0, 0, 0, 0, 0, 0])
FutureTricks: Main.DoubleDummyNew.Solver.futureTricks(84, 3, Int32[2, 2, 0, 0, 0, 0, 0, 0, 0, 0, 0, 0, 0], Int32[2, 10, 7, 0, 0, 0, 0, 0, 0, 0, 0, 0, 0], Int32[0, 768, 0, 0, 0, 0, 0, 0, 0, 0, 0, 0, 0], Int32[2, 2, 2, 0, 0, 0, 0, 0, 0, 0, 0, 0, 0])
OptimalActions: [27, 35, 6]
Available Actions: [6, 27, 33, 34, 35, 38, 39]

SOLVER HAND:
PBN: E:QJ95..53. A.T6.64.5 7..AK982. T64..Q7.
Deal: Main.DoubleDummyNew.Solver.dealPBN(3, 0, Int32[0, 0, 0], Int32[3, 0, 0], Int8[69, 58, 81, 74, 57, 53, 46, 46, 53, 51, 46, 32, 65, 46, 84, 54, 46, 54, 52, 46, 53, 32, 55, 46, 46, 65, 75, 57, 56, 50, 46, 32, 84, 54, 52, 46, 46, 81, 55, 46, 0, 0, 0, 0, 0, 0, 0, 0, 0, 0, 0, 0, 0, 0, 0, 0, 0, 0, 0, 0, 0, 0, 0, 0, 0, 0, 0, 0, 0, 0, 0, 0, 0, 0, 0, 0, 0, 0, 0, 0])
FutureTricks: Main.DoubleDummyNew.Solver.futureTricks(7, 3, Int32[0, 0, 0, 0, 0, 0, 0, 0, 0, 0, 0, 0, 0], Int32[5, 9, 12, 0, 0, 0, 0, 0, 0, 0, 0, 0, 0], Int32[0, 0, 2048, 0, 0, 0, 0, 0, 0, 0, 0, 0, 0], Int32[2, 2, 2, 0, 0, 0, 0, 0, 0, 0, 0, 0, 0])
OptimalActions: [4, 8, 11]
Available Actions: [4, 8, 10, 11, 28, 30]

SOLVER HAND:
PBN: W:7..AK982. T64..Q7. J95..53. A.T6.64.
Deal: Main.DoubleDummyNew.Solver.dealPBN(3, 0, Int32[0, 0, 3], Int32[3, 12, 5], Int8[87, 58, 55, 46, 46, 65, 75, 57, 56, 50, 46, 32, 84, 54, 52, 46, 46, 81, 55, 46, 32, 74, 57, 53, 46, 46, 53, 51, 46, 32, 65, 46, 84, 54, 46, 54, 52, 46, 0, 0, 0, 0, 0, 0, 0, 0, 0, 0, 0, 0, 0, 0, 0, 0, 0, 0, 0, 0, 0, 0, 0, 0, 0, 0, 0, 0, 0, 0, 0, 0, 0, 0, 0, 0, 0, 0, 0, 0, 0, 0])
FutureTricks: Main.DoubleDummyNew.Solver.futureTricks(0, 1, Int32[0, 0, 0, 0, 0, 0, 0, 0, 0, 0, 0, 0, 0], Int32[7, 0, 0, 0, 0, 0, 0, 0, 0, 0, 0, 0, 0], Int32[0, 0, 0, 0, 0, 0, 0, 0, 0, 0, 0, 0, 0], Int32[-2, 0, 0, 0, 0, 0, 0, 0, 0, 0, 0, 0, 0])
OptimalActions: [6]
Available Actions: [6, 27, 33, 34, 38, 39]

SOLVER HAND:
PBN: E:J95..53. A.T6.64. ..AK982. T6..Q7.
Deal: Main.DoubleDummyNew.Solver.dealPBN(3, 0, Int32[0, 0, 0], Int32[4, 0, 0], Int8[69, 58, 74, 57, 53, 46, 46, 53, 51, 46, 32, 65, 46, 84, 54, 46, 54, 52, 46, 32, 46, 46, 65, 75, 57, 56, 50, 46, 32, 84, 54, 46, 46, 81, 55, 46, 0, 0, 0, 0, 0, 0, 0, 0, 0, 0, 0, 0, 0, 0, 0, 0, 0, 0, 0, 0, 0, 0, 0, 0, 0, 0, 0, 0, 0, 0, 0, 0, 0, 0, 0, 0, 0, 0, 0, 0, 0, 0, 0, 0])
FutureTricks: Main.DoubleDummyNew.Solver.futureTricks(10, 3, Int32[0, 0, 0, 0, 0, 0, 0, 0, 0, 0, 0, 0, 0], Int32[5, 9, 11, 0, 0, 0, 0, 0, 0, 0, 0, 0, 0], Int32[0, 0, 0, 0, 0, 0, 0, 0, 0, 0, 0, 0, 0], Int32[2, 2, 2, 0, 0, 0, 0, 0, 0, 0, 0, 0, 0])
OptimalActions: [4, 8, 10]
Available Actions: [4, 8, 10, 28, 30]

SOLVER HAND:
PBN: W:..AK982. T6..Q7. 95..53. .T6.64.
Deal: Main.DoubleDummyNew.Solver.dealPBN(3, 0, Int32[0, 0, 0], Int32[4, 11, 14], Int8[87, 58, 46, 46, 65, 75, 57, 56, 50, 46, 32, 84, 54, 46, 46, 81, 55, 46, 32, 57, 53, 46, 46, 53, 51, 46, 32, 46, 84, 54, 46, 54, 52, 46, 0, 0, 0, 0, 0, 0, 0, 0, 0, 0, 0, 0, 0, 0, 0, 0, 0, 0, 0, 0, 0, 0, 0, 0, 0, 0, 0, 0, 0, 0, 0, 0, 0, 0, 0, 0, 0, 0, 0, 0, 0, 0, 0, 0, 0, 0])
FutureTricks: Main.DoubleDummyNew.Solver.futureTricks(33, 2, Int32[2, 2, 0, 0, 0, 0, 0, 0, 0, 0, 0, 0, 0], Int32[2, 9, 0, 0, 0, 0, 0, 0, 0, 0, 0, 0, 0], Int32[0, 256, 0, 0, 0, 0, 0, 0, 0, 0, 0, 0, 0], Int32[2, 2, 0, 0, 0, 0, 0, 0, 0, 0, 0, 0, 0])
OptimalActions: [27, 34]
Available Actions: [27, 33, 34, 38, 39]

SOLVER HAND:
PBN: E:95..53. .T6.64. ..AK98. 6..Q7.
Deal: Main.DoubleDummyNew.Solver.dealPBN(3, 0, Int32[0, 0, 0], Int32[10, 0, 0], Int8[69, 58, 57, 53, 46, 46, 53, 51, 46, 32, 46, 84, 54, 46, 54, 52, 46, 32, 46, 46, 65, 75, 57, 56, 46, 32, 54, 46, 46, 81, 55, 46, 0, 0, 0, 0, 0, 0, 0, 0, 0, 0, 0, 0, 0, 0, 0, 0, 0, 0, 0, 0, 0, 0, 0, 0, 0, 0, 0, 0, 0, 0, 0, 0, 0, 0, 0, 0, 0, 0, 0, 0, 0, 0, 0, 0, 0, 0, 0, 0])
FutureTricks: Main.DoubleDummyNew.Solver.futureTricks(14, 1, Int32[0, 0, 0, 0, 0, 0, 0, 0, 0, 0, 0, 0, 0], Int32[5, 0, 0, 0, 0, 0, 0, 0, 0, 0, 0, 0, 0], Int32[0, 0, 0, 0, 0, 0, 0, 0, 0, 0, 0, 0, 0], Int32[3, 0, 0, 0, 0, 0, 0, 0, 0, 0, 0, 0, 0])
OptimalActions: [4]
Available Actions: [4, 8, 28, 30]

SOLVER HAND:
PBN: W:..AK98. 6..Q7. 9..53. .T.64.
Deal: Main.DoubleDummyNew.Solver.dealPBN(3, 0, Int32[0, 0, 1], Int32[10, 5, 6], Int8[87, 58, 46, 46, 65, 75, 57, 56, 46, 32, 54, 46, 46, 81, 55, 46, 32, 57, 46, 46, 53, 51, 46, 32, 46, 84, 46, 54, 52, 46, 0, 0, 0, 0, 0, 0, 0, 0, 0, 0, 0, 0, 0, 0, 0, 0, 0, 0, 0, 0, 0, 0, 0, 0, 0, 0, 0, 0, 0, 0, 0, 0, 0, 0, 0, 0, 0, 0, 0, 0, 0, 0, 0, 0, 0, 0, 0, 0, 0, 0])
FutureTricks: Main.DoubleDummyNew.Solver.futureTricks(9, 1, Int32[2, 0, 0, 0, 0, 0, 0, 0, 0, 0, 0, 0, 0], Int32[9, 0, 0, 0, 0, 0, 0, 0, 0, 0, 0, 0, 0], Int32[256, 0, 0, 0, 0, 0, 0, 0, 0, 0, 0, 0, 0], Int32[3, 0, 0, 0, 0, 0, 0, 0, 0, 0, 0, 0, 0])
OptimalActions: [34]
Available Actions: [33, 34, 38, 39]

SOLVER HAND:
PBN: E:9..53. .T.64. ..AK8. 6..7.
Deal: Main.DoubleDummyNew.Solver.dealPBN(3, 0, Int32[2, 0, 0], Int32[12, 0, 0], Int8[69, 58, 57, 46, 46, 53, 51, 46, 32, 46, 84, 46, 54, 52, 46, 32, 46, 46, 65, 75, 56, 46, 32, 54, 46, 46, 55, 46, 0, 0, 0, 0, 0, 0, 0, 0, 0, 0, 0, 0, 0, 0, 0, 0, 0, 0, 0, 0, 0, 0, 0, 0, 0, 0, 0, 0, 0, 0, 0, 0, 0, 0, 0, 0, 0, 0, 0, 0, 0, 0, 0, 0, 0, 0, 0, 0, 0, 0, 0, 0])
FutureTricks: Main.DoubleDummyNew.Solver.futureTricks(8, 2, Int32[2, 2, 0, 0, 0, 0, 0, 0, 0, 0, 0, 0, 0], Int32[3, 5, 0, 0, 0, 0, 0, 0, 0, 0, 0, 0, 0], Int32[0, 0, 0, 0, 0, 0, 0, 0, 0, 0, 0, 0, 0], Int32[3, 3, 0, 0, 0, 0, 0, 0, 0, 0, 0, 0, 0])
OptimalActions: [28, 30]
Available Actions: [8, 28, 30]

SOLVER HAND:
PBN: W:..AK8. 6..7. 9..5. .T.6.
Deal: Main.DoubleDummyNew.Solver.dealPBN(3, 0, Int32[2, 2, 2], Int32[12, 3, 4], Int8[87, 58, 46, 46, 65, 75, 56, 46, 32, 54, 46, 46, 55, 46, 32, 57, 46, 46, 53, 46, 32, 46, 84, 46, 54, 46, 0, 0, 0, 0, 0, 0, 0, 0, 0, 0, 0, 0, 0, 0, 0, 0, 0, 0, 0, 0, 0, 0, 0, 0, 0, 0, 0, 0, 0, 0, 0, 0, 0, 0, 0, 0, 0, 0, 0, 0, 0, 0, 0, 0, 0, 0, 0, 0, 0, 0, 0, 0, 0, 0])
FutureTricks: Main.DoubleDummyNew.Solver.futureTricks(8, 1, Int32[2, 0, 0, 0, 0, 0, 0, 0, 0, 0, 0, 0, 0], Int32[14, 0, 0, 0, 0, 0, 0, 0, 0, 0, 0, 0, 0], Int32[8192, 0, 0, 0, 0, 0, 0, 0, 0, 0, 0, 0, 0], Int32[3, 0, 0, 0, 0, 0, 0, 0, 0, 0, 0, 0, 0])
OptimalActions: [39]
Available Actions: [33, 38, 39]

SOLVER HAND:
PBN: E:9..5. .T.6. ..K8. 6...
Deal: Main.DoubleDummyNew.Solver.dealPBN(3, 0, Int32[2, 0, 0], Int32[7, 0, 0], Int8[69, 58, 57, 46, 46, 53, 46, 32, 46, 84, 46, 54, 46, 32, 46, 46, 75, 56, 46, 32, 54, 46, 46, 46, 0, 0, 0, 0, 0, 0, 0, 0, 0, 0, 0, 0, 0, 0, 0, 0, 0, 0, 0, 0, 0, 0, 0, 0, 0, 0, 0, 0, 0, 0, 0, 0, 0, 0, 0, 0, 0, 0, 0, 0, 0, 0, 0, 0, 0, 0, 0, 0, 0, 0, 0, 0, 0, 0, 0, 0])
FutureTricks: Main.DoubleDummyNew.Solver.futureTricks(0, 1, Int32[2, 0, 0, 0, 0, 0, 0, 0, 0, 0, 0, 0, 0], Int32[5, 0, 0, 0, 0, 0, 0, 0, 0, 0, 0, 0, 0], Int32[0, 0, 0, 0, 0, 0, 0, 0, 0, 0, 0, 0, 0], Int32[-2, 0, 0, 0, 0, 0, 0, 0, 0, 0, 0, 0, 0])
OptimalActions: [30]
Available Actions: [8, 30]

SOLVER HAND:
PBN: W:..K8. 6... 9... .T..
Deal: Main.DoubleDummyNew.Solver.dealPBN(3, 0, Int32[2, 2, 2], Int32[7, 5, 6], Int8[87, 58, 46, 46, 75, 56, 46, 32, 54, 46, 46, 46, 32, 57, 46, 46, 46, 32, 46, 84, 46, 46, 0, 0, 0, 0, 0, 0, 0, 0, 0, 0, 0, 0, 0, 0, 0, 0, 0, 0, 0, 0, 0, 0, 0, 0, 0, 0, 0, 0, 0, 0, 0, 0, 0, 0, 0, 0, 0, 0, 0, 0, 0, 0, 0, 0, 0, 0, 0, 0, 0, 0, 0, 0, 0, 0, 0, 0, 0, 0])
FutureTricks: Main.DoubleDummyNew.Solver.futureTricks(0, 1, Int32[2, 0, 0, 0, 0, 0, 0, 0, 0, 0, 0, 0, 0], Int32[13, 0, 0, 0, 0, 0, 0, 0, 0, 0, 0, 0, 0], Int32[256, 0, 0, 0, 0, 0, 0, 0, 0, 0, 0, 0, 0], Int32[-2, 0, 0, 0, 0, 0, 0, 0, 0, 0, 0, 0, 0])
OptimalActions: [38]
Available Actions: [33, 38]

SOLVER HAND:
PBN: E:9... .T.. ..8. ...
Deal: Main.DoubleDummyNew.Solver.dealPBN(3, 0, Int32[0, 0, 0], Int32[6, 0, 0], Int8[69, 58, 57, 46, 46, 46, 32, 46, 84, 46, 46, 32, 46, 46, 56, 46, 32, 46, 46, 46, 0, 0, 0, 0, 0, 0, 0, 0, 0, 0, 0, 0, 0, 0, 0, 0, 0, 0, 0, 0, 0, 0, 0, 0, 0, 0, 0, 0, 0, 0, 0, 0, 0, 0, 0, 0, 0, 0, 0, 0, 0, 0, 0, 0, 0, 0, 0, 0, 0, 0, 0, 0, 0, 0, 0, 0, 0, 0, 0, 0])
FutureTricks: Main.DoubleDummyNew.Solver.futureTricks(0, 1, Int32[0, 0, 0, 0, 0, 0, 0, 0, 0, 0, 0, 0, 0], Int32[9, 0, 0, 0, 0, 0, 0, 0, 0, 0, 0, 0, 0], Int32[0, 0, 0, 0, 0, 0, 0, 0, 0, 0, 0, 0, 0], Int32[1, 0, 0, 0, 0, 0, 0, 0, 0, 0, 0, 0, 0])
OptimalActions: [8]
Available Actions: [8]

SOLVER HAND:
PBN: W:..8. ... ... ...
Deal: Main.DoubleDummyNew.Solver.dealPBN(3, 0, Int32[0, 0, 1], Int32[6, 9, 10], Int8[87, 58, 46, 46, 56, 46, 32, 46, 46, 46, 32, 46, 46, 46, 32, 46, 46, 46, 0, 0, 0, 0, 0, 0, 0, 0, 0, 0, 0, 0, 0, 0, 0, 0, 0, 0, 0, 0, 0, 0, 0, 0, 0, 0, 0, 0, 0, 0, 0, 0, 0, 0, 0, 0, 0, 0, 0, 0, 0, 0, 0, 0, 0, 0, 0, 0, 0, 0, 0, 0, 0, 0, 0, 0, 0, 0, 0, 0, 0, 0])
FutureTricks: Main.DoubleDummyNew.Solver.futureTricks(0, 1, Int32[2, 0, 0, 0, 0, 0, 0, 0, 0, 0, 0, 0, 0], Int32[8, 0, 0, 0, 0, 0, 0, 0, 0, 0, 0, 0, 0], Int32[0, 0, 0, 0, 0, 0, 0, 0, 0, 0, 0, 0, 0], Int32[1, 0, 0, 0, 0, 0, 0, 0, 0, 0, 0, 0, 0])
OptimalActions: [33]
Available Actions: [33]



BEGGING DEAL FOR NEXT GAME 3:
PBN: N:3.AKQT3.AKJ3.K73 J876.J765.Q74.82 A54.942.T95.AJT4 KQT92.8.862. (rest deleted but enough to see that it's not the same)
