SOLVER HAND:
PBN: N:732.KQ5.Q98.K962 QJT6.843.AK4.AQT K54.9.JT532.J874 A98.AJT762.76.53
Deal: Main.DoubleDummyNew.Solver.dealPBN(1, 0, Int32[0, 0, 0], Int32[0, 0, 0], Int8[78, 58, 55, 51, 50, 46, 75, 81, 53, 46, 81, 57, 56, 46, 75, 57, 54, 50, 32, 81, 74, 84, 54, 46, 56, 52, 51, 46, 65, 75, 52, 46, 65, 81, 84, 32, 75, 53, 52, 46, 57, 46, 74, 84, 53, 51, 50, 46, 74, 56, 55, 52, 32, 65, 57, 56, 46, 65, 74, 84, 55, 54, 50, 46, 55, 54, 46, 53, 51, 0, 0, 0, 0, 0, 0, 0, 0, 0, 0, 0])
FutureTricks: Main.DoubleDummyNew.Solver.futureTricks(9513, 8, Int32[3, 3, 3, 2, 2, 3, 0, 0, 0, 0, 0, 0, 0], Int32[2, 6, 9, 9, 12, 13, 3, 7, 0, 0, 0, 0, 0], Int32[0, 0, 0, 256, 0, 0, 4, 0, 0, 0, 0, 0, 0], Int32[2, 2, 2, 2, 2, 2, 2, 2, 0, 0, 0, 0, 0])
OptimalActions: [40, 44, 47, 34, 37, 51, 2, 6]
Available Actions: [1, 2, 6, 17, 24, 25, 33, 34, 37, 40, 44, 47, 51]

SOLVER HAND:
PBN: S:K54.9.JT532.J874 A98.AJT762.76.53 72.KQ5.Q98.K962 QJT6.843.AK4.AT
Deal: Main.DoubleDummyNew.Solver.dealPBN(1, 0, Int32[0, 3, 0], Int32[3, 12, 0], Int8[83, 58, 75, 53, 52, 46, 57, 46, 74, 84, 53, 51, 50, 46, 74, 56, 55, 52, 32, 65, 57, 56, 46, 65, 74, 84, 55, 54, 50, 46, 55, 54, 46, 53, 51, 32, 55, 50, 46, 75, 81, 53, 46, 81, 57, 56, 46, 75, 57, 54, 50, 32, 81, 74, 84, 54, 46, 56, 52, 51, 46, 65, 75, 52, 46, 65, 84, 0, 0, 0, 0, 0, 0, 0, 0, 0, 0, 0, 0, 0])
FutureTricks: Main.DoubleDummyNew.Solver.futureTricks(1764, 2, Int32[0, 0, 0, 0, 0, 0, 0, 0, 0, 0, 0, 0, 0], Int32[13, 5, 0, 0, 0, 0, 0, 0, 0, 0, 0, 0, 0], Int32[0, 16, 0, 0, 0, 0, 0, 0, 0, 0, 0, 0, 0], Int32[2, 2, 0, 0, 0, 0, 0, 0, 0, 0, 0, 0, 0])
OptimalActions: [12, 4]
Available Actions: [3, 4, 12, 21, 27, 28, 30, 35, 36, 42, 45, 46, 49]

SOLVER HAND:
PBN: N:72.KQ5.Q98.K962 QJT6.843.AK4.AT 54.9.JT532.J874 A98.AJT72.76.53
Deal: Main.DoubleDummyNew.Solver.dealPBN(1, 0, Int32[0, 0, 0], Int32[0, 0, 0], Int8[78, 58, 55, 50, 46, 75, 81, 53, 46, 81, 57, 56, 46, 75, 57, 54, 50, 32, 81, 74, 84, 54, 46, 56, 52, 51, 46, 65, 75, 52, 46, 65, 84, 32, 53, 52, 46, 57, 46, 74, 84, 53, 51, 50, 46, 74, 56, 55, 52, 32, 65, 57, 56, 46, 65, 74, 84, 55, 50, 46, 55, 54, 46, 53, 51, 0, 0, 0, 0, 0, 0, 0, 0, 0, 0, 0, 0, 0, 0, 0])
FutureTricks: Main.DoubleDummyNew.Solver.futureTricks(6770, 4, Int32[3, 3, 3, 3, 0, 0, 0, 0, 0, 0, 0, 0, 0], Int32[2, 6, 9, 13, 0, 0, 0, 0, 0, 0, 0, 0, 0], Int32[0, 0, 0, 0, 0, 0, 0, 0, 0, 0, 0, 0, 0], Int32[3, 3, 3, 3, 0, 0, 0, 0, 0, 0, 0, 0, 0])
OptimalActions: [40, 44, 47, 51]
Available Actions: [1, 6, 17, 24, 25, 33, 34, 37, 40, 44, 47, 51]

SOLVER HAND:
PBN: S:54.9.JT532.J874 A98.AJT72.76.53 72.KQ5.Q98.K92 QJT6.84.AK4.AT
Deal: Main.DoubleDummyNew.Solver.dealPBN(1, 0, Int32[3, 1, 0], Int32[6, 3, 0], Int8[83, 58, 53, 52, 46, 57, 46, 74, 84, 53, 51, 50, 46, 74, 56, 55, 52, 32, 65, 57, 56, 46, 65, 74, 84, 55, 50, 46, 55, 54, 46, 53, 51, 32, 55, 50, 46, 75, 81, 53, 46, 81, 57, 56, 46, 75, 57, 50, 32, 81, 74, 84, 54, 46, 56, 52, 46, 65, 75, 52, 46, 65, 84, 0, 0, 0, 0, 0, 0, 0, 0, 0, 0, 0, 0, 0, 0, 0, 0, 0])
FutureTricks: Main.DoubleDummyNew.Solver.futureTricks(5267, 3, Int32[3, 3, 3, 0, 0, 0, 0, 0, 0, 0, 0, 0, 0], Int32[4, 8, 11, 0, 0, 0, 0, 0, 0, 0, 0, 0, 0], Int32[0, 128, 0, 0, 0, 0, 0, 0, 0, 0, 0, 0, 0], Int32[2, 2, 2, 0, 0, 0, 0, 0, 0, 0, 0, 0, 0])
OptimalActions: [42, 46, 49]
Available Actions: [3, 4, 21, 27, 28, 30, 35, 36, 42, 45, 46, 49]

SOLVER HAND:
PBN: N:72.KQ5.Q98.K92 QJT6.84.AK4.AT 54.9.JT532.J87 A9.AJT72.76.53
Deal: Main.DoubleDummyNew.Solver.dealPBN(1, 0, Int32[0, 0, 0], Int32[0, 0, 0], Int8[78, 58, 55, 50, 46, 75, 81, 53, 46, 81, 57, 56, 46, 75, 57, 50, 32, 81, 74, 84, 54, 46, 56, 52, 46, 65, 75, 52, 46, 65, 84, 32, 53, 52, 46, 57, 46, 74, 84, 53, 51, 50, 46, 74, 56, 55, 32, 65, 57, 46, 65, 74, 84, 55, 50, 46, 55, 54, 46, 53, 51, 0, 0, 0, 0, 0, 0, 0, 0, 0, 0, 0, 0, 0, 0, 0, 0, 0, 0, 0])
FutureTricks: Main.DoubleDummyNew.Solver.futureTricks(2363, 7, Int32[3, 3, 3, 2, 2, 0, 0, 0, 0, 0, 0, 0, 0], Int32[2, 9, 13, 9, 12, 2, 7, 0, 0, 0, 0, 0, 0], Int32[0, 0, 0, 256, 0, 0, 0, 0, 0, 0, 0, 0, 0], Int32[2, 2, 2, 2, 2, 2, 2, 0, 0, 0, 0, 0, 0])
OptimalActions: [40, 47, 51, 34, 37, 1, 6]
Available Actions: [1, 6, 17, 24, 25, 33, 34, 37, 40, 47, 51]

SOLVER HAND:
PBN: S:54.9.JT532.J87 A9.AJT72.76.53 2.KQ5.Q98.K92 QJ6.84.AK4.AT
Deal: Main.DoubleDummyNew.Solver.dealPBN(1, 0, Int32[0, 0, 0], Int32[7, 10, 0], Int8[83, 58, 53, 52, 46, 57, 46, 74, 84, 53, 51, 50, 46, 74, 56, 55, 32, 65, 57, 46, 65, 74, 84, 55, 50, 46, 55, 54, 46, 53, 51, 32, 50, 46, 75, 81, 53, 46, 81, 57, 56, 46, 75, 57, 50, 32, 81, 74, 54, 46, 56, 52, 46, 65, 75, 52, 46, 65, 84, 0, 0, 0, 0, 0, 0, 0, 0, 0, 0, 0, 0, 0, 0, 0, 0, 0, 0, 0, 0, 0])
FutureTricks: Main.DoubleDummyNew.Solver.futureTricks(0, 1, Int32[0, 0, 0, 0, 0, 0, 0, 0, 0, 0, 0, 0, 0], Int32[5, 0, 0, 0, 0, 0, 0, 0, 0, 0, 0, 0, 0], Int32[16, 0, 0, 0, 0, 0, 0, 0, 0, 0, 0, 0, 0], Int32[-2, 0, 0, 0, 0, 0, 0, 0, 0, 0, 0, 0, 0])
OptimalActions: [4]
Available Actions: [3, 4, 21, 27, 28, 30, 35, 36, 45, 46, 49]

SOLVER HAND:
PBN: N:2.KQ5.Q98.K92 QJ6.84.AK4.AT 4.9.JT532.J87 A9.AJT72.6.53
Deal: Main.DoubleDummyNew.Solver.dealPBN(1, 0, Int32[0, 0, 0], Int32[0, 0, 0], Int8[78, 58, 50, 46, 75, 81, 53, 46, 81, 57, 56, 46, 75, 57, 50, 32, 81, 74, 54, 46, 56, 52, 46, 65, 75, 52, 46, 65, 84, 32, 52, 46, 57, 46, 74, 84, 53, 51, 50, 46, 74, 56, 55, 32, 65, 57, 46, 65, 74, 84, 55, 50, 46, 54, 46, 53, 51, 0, 0, 0, 0, 0, 0, 0, 0, 0, 0, 0, 0, 0, 0, 0, 0, 0, 0, 0, 0, 0, 0, 0])
FutureTricks: Main.DoubleDummyNew.Solver.futureTricks(1405, 6, Int32[3, 3, 3, 2, 2, 0, 0, 0, 0, 0, 0, 0, 0], Int32[2, 9, 13, 9, 12, 2, 0, 0, 0, 0, 0, 0, 0], Int32[0, 0, 0, 256, 0, 0, 0, 0, 0, 0, 0, 0, 0], Int32[2, 2, 2, 2, 2, 2, 0, 0, 0, 0, 0, 0, 0])
OptimalActions: [40, 47, 51, 34, 37, 1]
Available Actions: [1, 17, 24, 25, 33, 34, 37, 40, 47, 51]

SOLVER HAND:
PBN: S:4.9.JT532.J87 A9.AJT72.6.53 2.KQ5.98.K92 QJ6.84.A4.AT
Deal: Main.DoubleDummyNew.Solver.dealPBN(1, 0, Int32[2, 2, 0], Int32[12, 13, 0], Int8[83, 58, 52, 46, 57, 46, 74, 84, 53, 51, 50, 46, 74, 56, 55, 32, 65, 57, 46, 65, 74, 84, 55, 50, 46, 54, 46, 53, 51, 32, 50, 46, 75, 81, 53, 46, 57, 56, 46, 75, 57, 50, 32, 81, 74, 54, 46, 56, 52, 46, 65, 52, 46, 65, 84, 0, 0, 0, 0, 0, 0, 0, 0, 0, 0, 0, 0, 0, 0, 0, 0, 0, 0, 0, 0, 0, 0, 0, 0, 0])
FutureTricks: Main.DoubleDummyNew.Solver.futureTricks(446, 3, Int32[2, 2, 2, 0, 0, 0, 0, 0, 0, 0, 0, 0, 0], Int32[3, 5, 11, 0, 0, 0, 0, 0, 0, 0, 0, 0, 0], Int32[4, 0, 1024, 0, 0, 0, 0, 0, 0, 0, 0, 0, 0], Int32[2, 2, 2, 0, 0, 0, 0, 0, 0, 0, 0, 0, 0])
OptimalActions: [28, 30, 36]
Available Actions: [3, 21, 27, 28, 30, 35, 36, 45, 46, 49]

SOLVER HAND:
PBN: N:2.KQ5.98.K92 QJ6.84.A4.AT 4.9.T532.J87 A9.AJT72.6.3
Deal: Main.DoubleDummyNew.Solver.dealPBN(1, 0, Int32[0, 0, 0], Int32[0, 0, 0], Int8[78, 58, 50, 46, 75, 81, 53, 46, 57, 56, 46, 75, 57, 50, 32, 81, 74, 54, 46, 56, 52, 46, 65, 52, 46, 65, 84, 32, 52, 46, 57, 46, 84, 53, 51, 50, 46, 74, 56, 55, 32, 65, 57, 46, 65, 74, 84, 55, 50, 46, 54, 46, 51, 0, 0, 0, 0, 0, 0, 0, 0, 0, 0, 0, 0, 0, 0, 0, 0, 0, 0, 0, 0, 0, 0, 0, 0, 0, 0, 0])
FutureTricks: Main.DoubleDummyNew.Solver.futureTricks(415, 5, Int32[2, 3, 3, 3, 0, 0, 0, 0, 0, 0, 0, 0, 0], Int32[9, 2, 9, 13, 2, 0, 0, 0, 0, 0, 0, 0, 0], Int32[256, 0, 0, 0, 0, 0, 0, 0, 0, 0, 0, 0, 0], Int32[2, 2, 2, 2, 2, 0, 0, 0, 0, 0, 0, 0, 0])
OptimalActions: [34, 40, 47, 51, 1]
Available Actions: [1, 17, 24, 25, 33, 34, 40, 47, 51]

SOLVER HAND:
PBN: S:4.9.T532.J87 A9.AJT72.6.3 2.KQ5.98.K2 QJ6.84.4.AT
Deal: Main.DoubleDummyNew.Solver.dealPBN(1, 0, Int32[3, 2, 0], Int32[9, 14, 0], Int8[83, 58, 52, 46, 57, 46, 84, 53, 51, 50, 46, 74, 56, 55, 32, 65, 57, 46, 65, 74, 84, 55, 50, 46, 54, 46, 51, 32, 50, 46, 75, 81, 53, 46, 57, 56, 46, 75, 50, 32, 81, 74, 54, 46, 56, 52, 46, 52, 46, 65, 84, 0, 0, 0, 0, 0, 0, 0, 0, 0, 0, 0, 0, 0, 0, 0, 0, 0, 0, 0, 0, 0, 0, 0, 0, 0, 0, 0, 0, 0])
FutureTricks: Main.DoubleDummyNew.Solver.futureTricks(748, 2, Int32[3, 3, 0, 0, 0, 0, 0, 0, 0, 0, 0, 0, 0], Int32[8, 11, 0, 0, 0, 0, 0, 0, 0, 0, 0, 0, 0], Int32[128, 0, 0, 0, 0, 0, 0, 0, 0, 0, 0, 0, 0], Int32[4, 4, 0, 0, 0, 0, 0, 0, 0, 0, 0, 0, 0])
OptimalActions: [46, 49]
Available Actions: [3, 21, 27, 28, 30, 35, 45, 46, 49]

SOLVER HAND:
PBN: N:2.KQ5.98.K2 QJ6.84.4.AT 4.9.T532.87 A9.AJ72.6.3
Deal: Main.DoubleDummyNew.Solver.dealPBN(1, 0, Int32[0, 0, 0], Int32[0, 0, 0], Int8[78, 58, 50, 46, 75, 81, 53, 46, 57, 56, 46, 75, 50, 32, 81, 74, 54, 46, 56, 52, 46, 52, 46, 65, 84, 32, 52, 46, 57, 46, 84, 53, 51, 50, 46, 56, 55, 32, 65, 57, 46, 65, 74, 55, 50, 46, 54, 46, 51, 0, 0, 0, 0, 0, 0, 0, 0, 0, 0, 0, 0, 0, 0, 0, 0, 0, 0, 0, 0, 0, 0, 0, 0, 0, 0, 0, 0, 0, 0, 0])
FutureTricks: Main.DoubleDummyNew.Solver.futureTricks(479, 1, Int32[2, 0, 0, 0, 0, 0, 0, 0, 0, 0, 0, 0, 0], Int32[9, 0, 0, 0, 0, 0, 0, 0, 0, 0, 0, 0, 0], Int32[256, 0, 0, 0, 0, 0, 0, 0, 0, 0, 0, 0, 0], Int32[3, 0, 0, 0, 0, 0, 0, 0, 0, 0, 0, 0, 0])
OptimalActions: [34]
Available Actions: [1, 17, 24, 25, 33, 34, 40, 51]

SOLVER HAND:
PBN: S:4.9.T532.87 A9.AJ72.6.3 2.KQ5.8.K2 QJ6.8.4.AT
Deal: Main.DoubleDummyNew.Solver.dealPBN(1, 0, Int32[2, 1, 0], Int32[9, 4, 0], Int8[83, 58, 52, 46, 57, 46, 84, 53, 51, 50, 46, 56, 55, 32, 65, 57, 46, 65, 74, 55, 50, 46, 54, 46, 51, 32, 50, 46, 75, 81, 53, 46, 56, 46, 75, 50, 32, 81, 74, 54, 46, 56, 46, 52, 46, 65, 84, 0, 0, 0, 0, 0, 0, 0, 0, 0, 0, 0, 0, 0, 0, 0, 0, 0, 0, 0, 0, 0, 0, 0, 0, 0, 0, 0, 0, 0, 0, 0, 0, 0])
FutureTricks: Main.DoubleDummyNew.Solver.futureTricks(28, 3, Int32[2, 2, 2, 0, 0, 0, 0, 0, 0, 0, 0, 0, 0], Int32[3, 5, 10, 0, 0, 0, 0, 0, 0, 0, 0, 0, 0], Int32[4, 0, 0, 0, 0, 0, 0, 0, 0, 0, 0, 0, 0], Int32[1, 1, 1, 0, 0, 0, 0, 0, 0, 0, 0, 0, 0])
OptimalActions: [28, 30, 35]
Available Actions: [3, 21, 27, 28, 30, 35, 45, 46]

SOLVER HAND:
PBN: N:2.KQ5.8.K2 QJ6.8.4.AT 4.9.532.87 A9.AJ7.6.3
Deal: Main.DoubleDummyNew.Solver.dealPBN(1, 0, Int32[0, 0, 0], Int32[0, 0, 0], Int8[78, 58, 50, 46, 75, 81, 53, 46, 56, 46, 75, 50, 32, 81, 74, 54, 46, 56, 46, 52, 46, 65, 84, 32, 52, 46, 57, 46, 53, 51, 50, 46, 56, 55, 32, 65, 57, 46, 65, 74, 55, 46, 54, 46, 51, 0, 0, 0, 0, 0, 0, 0, 0, 0, 0, 0, 0, 0, 0, 0, 0, 0, 0, 0, 0, 0, 0, 0, 0, 0, 0, 0, 0, 0, 0, 0, 0, 0, 0, 0])
FutureTricks: Main.DoubleDummyNew.Solver.futureTricks(356, 5, Int32[2, 3, 1, 3, 0, 0, 0, 0, 0, 0, 0, 0, 0], Int32[8, 2, 13, 13, 2, 0, 0, 0, 0, 0, 0, 0, 0], Int32[0, 0, 4096, 0, 0, 0, 0, 0, 0, 0, 0, 0, 0], Int32[2, 2, 2, 2, 2, 0, 0, 0, 0, 0, 0, 0, 0])
OptimalActions: [33, 40, 25, 51, 1]
Available Actions: [1, 17, 24, 25, 33, 40, 51]

SOLVER HAND:
PBN: S:4.9.532.87 A9.AJ7.6.3 2.Q5.8.K2 QJ.8.4.AT
Deal: Main.DoubleDummyNew.Solver.dealPBN(1, 0, Int32[1, 0, 0], Int32[13, 6, 0], Int8[83, 58, 52, 46, 57, 46, 53, 51, 50, 46, 56, 55, 32, 65, 57, 46, 65, 74, 55, 46, 54, 46, 51, 32, 50, 46, 81, 53, 46, 56, 46, 75, 50, 32, 81, 74, 46, 56, 46, 52, 46, 65, 84, 0, 0, 0, 0, 0, 0, 0, 0, 0, 0, 0, 0, 0, 0, 0, 0, 0, 0, 0, 0, 0, 0, 0, 0, 0, 0, 0, 0, 0, 0, 0, 0, 0, 0, 0, 0, 0])
FutureTricks: Main.DoubleDummyNew.Solver.futureTricks(0, 1, Int32[1, 0, 0, 0, 0, 0, 0, 0, 0, 0, 0, 0, 0], Int32[9, 0, 0, 0, 0, 0, 0, 0, 0, 0, 0, 0, 0], Int32[0, 0, 0, 0, 0, 0, 0, 0, 0, 0, 0, 0, 0], Int32[-2, 0, 0, 0, 0, 0, 0, 0, 0, 0, 0, 0, 0])
OptimalActions: [21]
Available Actions: [3, 21, 27, 28, 30, 45, 46]

SOLVER HAND:
PBN: N:2.Q5.8.K2 QJ.8.4.AT 4..532.87 A9.J7.6.3
Deal: Main.DoubleDummyNew.Solver.dealPBN(1, 0, Int32[0, 0, 0], Int32[0, 0, 0], Int8[78, 58, 50, 46, 81, 53, 46, 56, 46, 75, 50, 32, 81, 74, 46, 56, 46, 52, 46, 65, 84, 32, 52, 46, 46, 53, 51, 50, 46, 56, 55, 32, 65, 57, 46, 74, 55, 46, 54, 46, 51, 0, 0, 0, 0, 0, 0, 0, 0, 0, 0, 0, 0, 0, 0, 0, 0, 0, 0, 0, 0, 0, 0, 0, 0, 0, 0, 0, 0, 0, 0, 0, 0, 0, 0, 0, 0, 0, 0, 0])
FutureTricks: Main.DoubleDummyNew.Solver.futureTricks(384, 5, Int32[2, 1, 3, 3, 0, 0, 0, 0, 0, 0, 0, 0, 0], Int32[8, 12, 2, 13, 2, 0, 0, 0, 0, 0, 0, 0, 0], Int32[0, 0, 0, 0, 0, 0, 0, 0, 0, 0, 0, 0, 0], Int32[2, 2, 2, 2, 2, 0, 0, 0, 0, 0, 0, 0, 0])
OptimalActions: [33, 24, 40, 51, 1]
Available Actions: [1, 17, 24, 33, 40, 51]

SOLVER HAND:
PBN: S:4..532.87 A9.J7.6.3 .Q5.8.K2 QJ..4.AT
Deal: Main.DoubleDummyNew.Solver.dealPBN(1, 0, Int32[0, 1, 0], Int32[2, 8, 0], Int8[83, 58, 52, 46, 46, 53, 51, 50, 46, 56, 55, 32, 65, 57, 46, 74, 55, 46, 54, 46, 51, 32, 46, 81, 53, 46, 56, 46, 75, 50, 32, 81, 74, 46, 46, 52, 46, 65, 84, 0, 0, 0, 0, 0, 0, 0, 0, 0, 0, 0, 0, 0, 0, 0, 0, 0, 0, 0, 0, 0, 0, 0, 0, 0, 0, 0, 0, 0, 0, 0, 0, 0, 0, 0, 0, 0, 0, 0, 0, 0])
FutureTricks: Main.DoubleDummyNew.Solver.futureTricks(0, 1, Int32[0, 0, 0, 0, 0, 0, 0, 0, 0, 0, 0, 0, 0], Int32[4, 0, 0, 0, 0, 0, 0, 0, 0, 0, 0, 0, 0], Int32[0, 0, 0, 0, 0, 0, 0, 0, 0, 0, 0, 0, 0], Int32[-2, 0, 0, 0, 0, 0, 0, 0, 0, 0, 0, 0, 0])
OptimalActions: [3]
Available Actions: [3, 27, 28, 30, 45, 46]

SOLVER HAND:
PBN: N:K2.8.Q5. AT.4..QJ 87.532.. 3.6.7.A9
Deal: Main.DoubleDummyNew.Solver.dealPBN(2, 0, Int32[0, 0, 0], Int32[0, 0, 0], Int8[78, 58, 75, 50, 46, 56, 46, 81, 53, 46, 32, 65, 84, 46, 52, 46, 46, 81, 74, 32, 56, 55, 46, 53, 51, 50, 46, 46, 32, 51, 46, 54, 46, 55, 46, 65, 57, 0, 0, 0, 0, 0, 0, 0, 0, 0, 0, 0, 0, 0, 0, 0, 0, 0, 0, 0, 0, 0, 0, 0, 0, 0, 0, 0, 0, 0, 0, 0, 0, 0, 0, 0, 0, 0, 0, 0, 0, 0, 0, 0])
FutureTricks: Main.DoubleDummyNew.Solver.futureTricks(85, 2, Int32[1, 2, 0, 0, 0, 0, 0, 0, 0, 0, 0, 0, 0], Int32[8, 12, 0, 0, 0, 0, 0, 0, 0, 0, 0, 0, 0], Int32[0, 0, 0, 0, 0, 0, 0, 0, 0, 0, 0, 0, 0], Int32[3, 3, 0, 0, 0, 0, 0, 0, 0, 0, 0, 0, 0])
OptimalActions: [20, 37]
Available Actions: [1, 12, 20, 30, 37]

SOLVER HAND:
PBN: S:87.532.. 3.6.7.A9 K2..Q5. AT.4..J
Deal: Main.DoubleDummyNew.Solver.dealPBN(2, 0, Int32[1, 3, 0], Int32[8, 12, 0], Int8[83, 58, 56, 55, 46, 53, 51, 50, 46, 46, 32, 51, 46, 54, 46, 55, 46, 65, 57, 32, 75, 50, 46, 46, 81, 53, 46, 32, 65, 84, 46, 52, 46, 46, 74, 0, 0, 0, 0, 0, 0, 0, 0, 0, 0, 0, 0, 0, 0, 0, 0, 0, 0, 0, 0, 0, 0, 0, 0, 0, 0, 0, 0, 0, 0, 0, 0, 0, 0, 0, 0, 0, 0, 0, 0, 0, 0, 0, 0, 0])
FutureTricks: Main.DoubleDummyNew.Solver.futureTricks(14, 2, Int32[1, 1, 0, 0, 0, 0, 0, 0, 0, 0, 0, 0, 0], Int32[3, 5, 0, 0, 0, 0, 0, 0, 0, 0, 0, 0, 0], Int32[4, 0, 0, 0, 0, 0, 0, 0, 0, 0, 0, 0, 0], Int32[3, 3, 0, 0, 0, 0, 0, 0, 0, 0, 0, 0, 0])
OptimalActions: [15, 17]
Available Actions: [6, 7, 14, 15, 17]

SOLVER HAND:
PBN: N:K2..Q5. AT.4..J 87.32.. 3.6..A9
Deal: Main.DoubleDummyNew.Solver.dealPBN(2, 0, Int32[0, 0, 0], Int32[0, 0, 0], Int8[78, 58, 75, 50, 46, 46, 81, 53, 46, 32, 65, 84, 46, 52, 46, 46, 74, 32, 56, 55, 46, 51, 50, 46, 46, 32, 51, 46, 54, 46, 46, 65, 57, 0, 0, 0, 0, 0, 0, 0, 0, 0, 0, 0, 0, 0, 0, 0, 0, 0, 0, 0, 0, 0, 0, 0, 0, 0, 0, 0, 0, 0, 0, 0, 0, 0, 0, 0, 0, 0, 0, 0, 0, 0, 0, 0, 0, 0, 0, 0])
FutureTricks: Main.DoubleDummyNew.Solver.futureTricks(37, 3, Int32[0, 0, 2, 0, 0, 0, 0, 0, 0, 0, 0, 0, 0], Int32[2, 13, 12, 0, 0, 0, 0, 0, 0, 0, 0, 0, 0], Int32[0, 0, 32, 0, 0, 0, 0, 0, 0, 0, 0, 0, 0], Int32[2, 2, 2, 0, 0, 0, 0, 0, 0, 0, 0, 0, 0])
OptimalActions: [1, 12, 37]
Available Actions: [1, 12, 30, 37]

SOLVER HAND:
PBN: S:87.32.. 3.6..A9 K2..5. A.4..J
Deal: Main.DoubleDummyNew.Solver.dealPBN(2, 0, Int32[2, 0, 0], Int32[12, 10, 0], Int8[83, 58, 56, 55, 46, 51, 50, 46, 46, 32, 51, 46, 54, 46, 46, 65, 57, 32, 75, 50, 46, 46, 53, 46, 32, 65, 46, 52, 46, 46, 74, 0, 0, 0, 0, 0, 0, 0, 0, 0, 0, 0, 0, 0, 0, 0, 0, 0, 0, 0, 0, 0, 0, 0, 0, 0, 0, 0, 0, 0, 0, 0, 0, 0, 0, 0, 0, 0, 0, 0, 0, 0, 0, 0, 0, 0, 0, 0, 0, 0])
FutureTricks: Main.DoubleDummyNew.Solver.futureTricks(36, 2, Int32[1, 0, 0, 0, 0, 0, 0, 0, 0, 0, 0, 0, 0], Int32[3, 8, 0, 0, 0, 0, 0, 0, 0, 0, 0, 0, 0], Int32[4, 128, 0, 0, 0, 0, 0, 0, 0, 0, 0, 0, 0], Int32[3, 3, 0, 0, 0, 0, 0, 0, 0, 0, 0, 0, 0])
OptimalActions: [15, 7]
Available Actions: [6, 7, 14, 15]

SOLVER HAND:
PBN: N:K2..5. A.4..J 7.32.. 3...A9
Deal: Main.DoubleDummyNew.Solver.dealPBN(2, 0, Int32[0, 0, 0], Int32[0, 0, 0], Int8[78, 58, 75, 50, 46, 46, 53, 46, 32, 65, 46, 52, 46, 46, 74, 32, 55, 46, 51, 50, 46, 46, 32, 51, 46, 46, 46, 65, 57, 0, 0, 0, 0, 0, 0, 0, 0, 0, 0, 0, 0, 0, 0, 0, 0, 0, 0, 0, 0, 0, 0, 0, 0, 0, 0, 0, 0, 0, 0, 0, 0, 0, 0, 0, 0, 0, 0, 0, 0, 0, 0, 0, 0, 0, 0, 0, 0, 0, 0, 0])
FutureTricks: Main.DoubleDummyNew.Solver.futureTricks(14, 2, Int32[0, 0, 0, 0, 0, 0, 0, 0, 0, 0, 0, 0, 0], Int32[2, 13, 0, 0, 0, 0, 0, 0, 0, 0, 0, 0, 0], Int32[0, 0, 0, 0, 0, 0, 0, 0, 0, 0, 0, 0, 0], Int32[2, 2, 0, 0, 0, 0, 0, 0, 0, 0, 0, 0, 0])
OptimalActions: [1, 12]
Available Actions: [1, 12, 30]

SOLVER HAND:
PBN: S:7.32.. 3...A9 2..5. .4..J
Deal: Main.DoubleDummyNew.Solver.dealPBN(2, 0, Int32[0, 0, 0], Int32[13, 14, 0], Int8[83, 58, 55, 46, 51, 50, 46, 46, 32, 51, 46, 46, 46, 65, 57, 32, 50, 46, 46, 53, 46, 32, 46, 52, 46, 46, 74, 0, 0, 0, 0, 0, 0, 0, 0, 0, 0, 0, 0, 0, 0, 0, 0, 0, 0, 0, 0, 0, 0, 0, 0, 0, 0, 0, 0, 0, 0, 0, 0, 0, 0, 0, 0, 0, 0, 0, 0, 0, 0, 0, 0, 0, 0, 0, 0, 0, 0, 0, 0, 0])
FutureTricks: Main.DoubleDummyNew.Solver.futureTricks(0, 1, Int32[0, 0, 0, 0, 0, 0, 0, 0, 0, 0, 0, 0, 0], Int32[7, 0, 0, 0, 0, 0, 0, 0, 0, 0, 0, 0, 0], Int32[0, 0, 0, 0, 0, 0, 0, 0, 0, 0, 0, 0, 0], Int32[-2, 0, 0, 0, 0, 0, 0, 0, 0, 0, 0, 0, 0])
OptimalActions: [6]
Available Actions: [6, 14, 15]

SOLVER HAND:
PBN: N:2..5. .4..J .32.. 3...A
Deal: Main.DoubleDummyNew.Solver.dealPBN(2, 0, Int32[0, 0, 0], Int32[0, 0, 0], Int8[78, 58, 50, 46, 46, 53, 46, 32, 46, 52, 46, 46, 74, 32, 46, 51, 50, 46, 46, 32, 51, 46, 46, 46, 65, 0, 0, 0, 0, 0, 0, 0, 0, 0, 0, 0, 0, 0, 0, 0, 0, 0, 0, 0, 0, 0, 0, 0, 0, 0, 0, 0, 0, 0, 0, 0, 0, 0, 0, 0, 0, 0, 0, 0, 0, 0, 0, 0, 0, 0, 0, 0, 0, 0, 0, 0, 0, 0, 0, 0])
FutureTricks: Main.DoubleDummyNew.Solver.futureTricks(13, 2, Int32[2, 0, 0, 0, 0, 0, 0, 0, 0, 0, 0, 0, 0], Int32[5, 2, 0, 0, 0, 0, 0, 0, 0, 0, 0, 0, 0], Int32[0, 0, 0, 0, 0, 0, 0, 0, 0, 0, 0, 0, 0], Int32[1, 1, 0, 0, 0, 0, 0, 0, 0, 0, 0, 0, 0])
OptimalActions: [30, 1]
Available Actions: [1, 30]

SOLVER HAND:
PBN: S:.32.. 3...A ..5. .4..
Deal: Main.DoubleDummyNew.Solver.dealPBN(2, 0, Int32[0, 3, 0], Int32[2, 11, 0], Int8[83, 58, 46, 51, 50, 46, 46, 32, 51, 46, 46, 46, 65, 32, 46, 46, 53, 46, 32, 46, 52, 46, 46, 0, 0, 0, 0, 0, 0, 0, 0, 0, 0, 0, 0, 0, 0, 0, 0, 0, 0, 0, 0, 0, 0, 0, 0, 0, 0, 0, 0, 0, 0, 0, 0, 0, 0, 0, 0, 0, 0, 0, 0, 0, 0, 0, 0, 0, 0, 0, 0, 0, 0, 0, 0, 0, 0, 0, 0, 0])
FutureTricks: Main.DoubleDummyNew.Solver.futureTricks(0, 1, Int32[1, 0, 0, 0, 0, 0, 0, 0, 0, 0, 0, 0, 0], Int32[3, 0, 0, 0, 0, 0, 0, 0, 0, 0, 0, 0, 0], Int32[4, 0, 0, 0, 0, 0, 0, 0, 0, 0, 0, 0, 0], Int32[-2, 0, 0, 0, 0, 0, 0, 0, 0, 0, 0, 0, 0])
OptimalActions: [15]
Available Actions: [14, 15]

SOLVER HAND:
PBN: N:..5. .4.. .2.. ...A
Deal: Main.DoubleDummyNew.Solver.dealPBN(2, 0, Int32[0, 0, 0], Int32[0, 0, 0], Int8[78, 58, 46, 46, 53, 46, 32, 46, 52, 46, 46, 32, 46, 50, 46, 46, 32, 46, 46, 46, 65, 0, 0, 0, 0, 0, 0, 0, 0, 0, 0, 0, 0, 0, 0, 0, 0, 0, 0, 0, 0, 0, 0, 0, 0, 0, 0, 0, 0, 0, 0, 0, 0, 0, 0, 0, 0, 0, 0, 0, 0, 0, 0, 0, 0, 0, 0, 0, 0, 0, 0, 0, 0, 0, 0, 0, 0, 0, 0, 0])
FutureTricks: Main.DoubleDummyNew.Solver.futureTricks(0, 1, Int32[2, 0, 0, 0, 0, 0, 0, 0, 0, 0, 0, 0, 0], Int32[5, 0, 0, 0, 0, 0, 0, 0, 0, 0, 0, 0, 0], Int32[0, 0, 0, 0, 0, 0, 0, 0, 0, 0, 0, 0, 0], Int32[1, 0, 0, 0, 0, 0, 0, 0, 0, 0, 0, 0, 0])
OptimalActions: [30]
Available Actions: [30]

SOLVER HAND:
PBN: S:.2.. ...A ... ...
Deal: Main.DoubleDummyNew.Solver.dealPBN(2, 0, Int32[2, 1, 0], Int32[5, 4, 0], Int8[83, 58, 46, 50, 46, 46, 32, 46, 46, 46, 65, 32, 46, 46, 46, 32, 46, 46, 46, 0, 0, 0, 0, 0, 0, 0, 0, 0, 0, 0, 0, 0, 0, 0, 0, 0, 0, 0, 0, 0, 0, 0, 0, 0, 0, 0, 0, 0, 0, 0, 0, 0, 0, 0, 0, 0, 0, 0, 0, 0, 0, 0, 0, 0, 0, 0, 0, 0, 0, 0, 0, 0, 0, 0, 0, 0, 0, 0, 0, 0])
FutureTricks: Main.DoubleDummyNew.Solver.futureTricks(0, 1, Int32[1, 0, 0, 0, 0, 0, 0, 0, 0, 0, 0, 0, 0], Int32[2, 0, 0, 0, 0, 0, 0, 0, 0, 0, 0, 0, 0], Int32[0, 0, 0, 0, 0, 0, 0, 0, 0, 0, 0, 0, 0], Int32[1, 0, 0, 0, 0, 0, 0, 0, 0, 0, 0, 0, 0])
OptimalActions: [14]
Available Actions: [14]
